1.4326
1.4326
1.4326
1.4326
1.4325
1.4325
1.4324
1.4324
1.4324
1.4324
1.4325
1.4327
1.4329
1.4333
1.4339
1.4347
1.4358
1.4371
1.4385
1.44
1.4412
1.442
1.4422
1.4416
1.4404
1.4388
1.4371
1.4355
1.4343
1.4335
1.4332
1.4333
1.4337
1.4344
1.4352
1.4359
1.4367
1.4374
1.4379
1.4384
1.4389
1.4392
1.4395
1.4398
1.44
1.4402
1.4403
1.4404
1.4404
1.4404
1.4404
1.4404
1.4404
1.4404
1.4404
1.4404
1.4326
1.4326
1.4326
1.4326
1.4325
1.4325
1.4325
1.4324
1.4324
1.4324
1.4325
1.4327
1.4329
1.4333
1.4339
1.4347
1.4358
1.4371
1.4385
1.4399
1.4412
1.442
1.4421
1.4416
1.4404
1.4388
1.4371
1.4356
1.4343
1.4335
1.4332
1.4333
1.4338
1.4344
1.4352
1.436
1.4367
1.4374
1.4379
1.4384
1.4389
1.4392
1.4395
1.4398
1.44
1.4402
1.4403
1.4404
1.4404
1.4404
1.4404
1.4404
1.4404
1.4404
1.4404
1.4404
1.4326
1.4326
1.4326
1.4326
1.4325
1.4325
1.4325
1.4324
1.4324
1.4325
1.4326
1.4327
1.433
1.4334
1.434
1.4347
1.4358
1.437
1.4385
1.4399
1.4411
1.4419
1.442
1.4416
1.4405
1.439
1.4373
1.4358
1.4345
1.4337
1.4334
1.4335
1.4339
1.4345
1.4353
1.436
1.4367
1.4374
1.438
1.4385
1.4389
1.4392
1.4395
1.4398
1.44
1.4401
1.4403
1.4403
1.4404
1.4404
1.4404
1.4404
1.4404
1.4404
1.4404
1.4404
1.4326
1.4326
1.4326
1.4326
1.4326
1.4325
1.4325
1.4325
1.4325
1.4325
1.4326
1.4328
1.433
1.4334
1.434
1.4348
1.4358
1.4371
1.4384
1.4398
1.441
1.4418
1.442
1.4417
1.4407
1.4394
1.4379
1.4364
1.4352
1.4343
1.4339
1.4338
1.4342
1.4347
1.4354
1.4361
1.4368
1.4374
1.438
1.4385
1.4389
1.4392
1.4395
1.4398
1.44
1.4401
1.4403
1.4403
1.4404
1.4404
1.4404
1.4404
1.4404
1.4404
1.4404
1.4404
1.4326
1.4326
1.4326
1.4326
1.4326
1.4325
1.4325
1.4325
1.4325
1.4326
1.4327
1.4328
1.4331
1.4335
1.4341
1.4349
1.4359
1.4371
1.4384
1.4397
1.4408
1.4417
1.4421
1.442
1.4414
1.4404
1.4391
1.4377
1.4364
1.4354
1.4348
1.4346
1.4347
1.4351
1.4356
1.4363
1.4369
1.4375
1.4381
1.4385
1.4389
1.4393
1.4395
1.4398
1.44
1.4401
1.4402
1.4403
1.4404
1.4404
1.4404
1.4404
1.4404
1.4403
1.4403
1.4403
1.4326
1.4326
1.4326
1.4326
1.4326
1.4326
1.4326
1.4325
1.4326
1.4326
1.4327
1.4329
1.4332
1.4336
1.4342
1.435
1.4359
1.437
1.4383
1.4395
1.4407
1.4418
1.4425
1.4428
1.4426
1.442
1.4411
1.4399
1.4386
1.4375
1.4365
1.4359
1.4357
1.4358
1.4361
1.4366
1.4371
1.4376
1.4381
1.4386
1.439
1.4393
1.4396
1.4398
1.44
1.4401
1.4402
1.4403
1.4403
1.4404
1.4404
1.4404
1.4403
1.4403
1.4403
1.4403
1.4327
1.4327
1.4327
1.4326
1.4326
1.4326
1.4326
1.4326
1.4326
1.4327
1.4328
1.433
1.4333
1.4337
1.4343
1.435
1.4359
1.4369
1.4381
1.4394
1.4408
1.442
1.4432
1.444
1.4445
1.4445
1.444
1.4431
1.4419
1.4405
1.4393
1.4382
1.4374
1.437
1.437
1.4371
1.4375
1.4379
1.4383
1.4387
1.439
1.4393
1.4396
1.4398
1.44
1.4401
1.4402
1.4403
1.4404
1.4404
1.4404
1.4404
1.4403
1.4403
1.4403
1.4403
1.4327
1.4327
1.4327
1.4327
1.4326
1.4326
1.4326
1.4326
1.4326
1.4327
1.4328
1.433
1.4333
1.4337
1.4342
1.4349
1.4357
1.4367
1.4379
1.4394
1.441
1.4428
1.4445
1.446
1.4471
1.4477
1.4478
1.4472
1.4462
1.4448
1.4432
1.4416
1.4402
1.4391
1.4384
1.4381
1.4381
1.4382
1.4385
1.4388
1.4391
1.4394
1.4396
1.4398
1.44
1.4402
1.4403
1.4403
1.4404
1.4404
1.4404
1.4404
1.4404
1.4403
1.4403
1.4403
1.4327
1.4327
1.4327
1.4326
1.4326
1.4326
1.4326
1.4326
1.4326
1.4327
1.4328
1.433
1.4333
1.4336
1.434
1.4346
1.4354
1.4364
1.4379
1.4397
1.4418
1.4443
1.4467
1.4489
1.4507
1.4519
1.4525
1.4524
1.4515
1.4501
1.4483
1.4462
1.4441
1.4423
1.4408
1.4398
1.4392
1.439
1.4389
1.4391
1.4393
1.4395
1.4397
1.4399
1.4401
1.4402
1.4403
1.4404
1.4404
1.4404
1.4404
1.4404
1.4404
1.4404
1.4404
1.4404
1.4327
1.4326
1.4326
1.4326
1.4326
1.4325
1.4325
1.4325
1.4326
1.4327
1.4328
1.4329
1.4331
1.4333
1.4337
1.4342
1.435
1.4363
1.4381
1.4406
1.4436
1.4469
1.4502
1.4532
1.4556
1.4574
1.4583
1.4584
1.4578
1.4564
1.4544
1.452
1.4493
1.4467
1.4443
1.4424
1.4411
1.4402
1.4397
1.4396
1.4396
1.4397
1.4398
1.44
1.4401
1.4402
1.4403
1.4404
1.4405
1.4405
1.4405
1.4405
1.4405
1.4405
1.4405
1.4405
1.4325
1.4325
1.4325
1.4325
1.4324
1.4324
1.4324
1.4325
1.4325
1.4325
1.4326
1.4327
1.4328
1.433
1.4333
1.4339
1.4349
1.4366
1.4392
1.4427
1.4468
1.4513
1.4555
1.4592
1.4621
1.4641
1.4651
1.4653
1.4647
1.4634
1.4614
1.4588
1.4557
1.4524
1.4492
1.4463
1.4439
1.4422
1.4411
1.4404
1.4401
1.44
1.44
1.4401
1.4402
1.4403
1.4404
1.4405
1.4406
1.4406
1.4406
1.4406
1.4406
1.4406
1.4406
1.4406
1.4323
1.4323
1.4323
1.4323
1.4323
1.4323
1.4323
1.4323
1.4323
1.4324
1.4324
1.4324
1.4324
1.4326
1.4329
1.4337
1.4353
1.4379
1.4417
1.4465
1.4521
1.4577
1.4627
1.4669
1.4699
1.4718
1.4726
1.4727
1.472
1.4706
1.4686
1.4659
1.4627
1.4591
1.4552
1.4514
1.448
1.4453
1.4433
1.4419
1.4411
1.4406
1.4404
1.4403
1.4404
1.4405
1.4406
1.4406
1.4407
1.4408
1.4408
1.4408
1.4408
1.4408
1.4408
1.4408
1.432
1.432
1.432
1.432
1.432
1.432
1.4321
1.4321
1.4321
1.4321
1.4321
1.4321
1.4321
1.4323
1.4329
1.4342
1.4367
1.4406
1.4461
1.4527
1.4597
1.4662
1.4716
1.4755
1.4781
1.4794
1.4798
1.4794
1.4785
1.4772
1.4753
1.4728
1.4698
1.4661
1.462
1.4576
1.4533
1.4495
1.4465
1.4442
1.4426
1.4416
1.4411
1.4408
1.4407
1.4407
1.4408
1.4408
1.4409
1.441
1.441
1.441
1.441
1.441
1.441
1.441
1.4317
1.4317
1.4317
1.4317
1.4317
1.4317
1.4318
1.4318
1.4318
1.4318
1.4318
1.4317
1.4318
1.4323
1.4334
1.4357
1.4397
1.4456
1.4532
1.4615
1.4694
1.476
1.4808
1.4836
1.4849
1.4851
1.4846
1.4838
1.4827
1.4815
1.4801
1.4782
1.4758
1.4726
1.4687
1.4643
1.4595
1.4549
1.4508
1.4475
1.445
1.4433
1.4422
1.4416
1.4412
1.4411
1.441
1.4411
1.4411
1.4412
1.4413
1.4413
1.4413
1.4414
1.4414
1.4414
1.4313
1.4313
1.4313
1.4313
1.4313
1.4314
1.4314
1.4315
1.4315
1.4315
1.4314
1.4315
1.4318
1.4328
1.4349
1.4388
1.445
1.4534
1.4631
1.4725
1.4803
1.4855
1.4882
1.4888
1.488
1.4865
1.4849
1.4835
1.4825
1.4819
1.4813
1.4806
1.4793
1.4773
1.4744
1.4705
1.4659
1.461
1.4561
1.4518
1.4483
1.4457
1.4439
1.4427
1.442
1.4416
1.4415
1.4414
1.4414
1.4415
1.4416
1.4416
1.4417
1.4417
1.4417
1.4417
1.4308
1.4308
1.4308
1.4308
1.4309
1.4309
1.431
1.4311
1.4311
1.4311
1.4311
1.4314
1.4322
1.4341
1.4379
1.4444
1.4535
1.4645
1.4754
1.4842
1.4897
1.4918
1.4909
1.4883
1.4849
1.4816
1.4789
1.4772
1.4764
1.4766
1.4773
1.4783
1.4789
1.4789
1.4777
1.4753
1.4716
1.467
1.4619
1.4569
1.4525
1.449
1.4463
1.4445
1.4432
1.4425
1.4421
1.4419
1.4418
1.4418
1.4419
1.4419
1.442
1.4421
1.4421
1.4421
1.4303
1.4303
1.4303
1.4303
1.4303
1.4304
1.4305
1.4305
1.4306
1.4307
1.4309
1.4316
1.4333
1.437
1.4436
1.4534
1.4656
1.478
1.4879
1.4935
1.4945
1.4917
1.4865
1.4805
1.4747
1.4698
1.4664
1.4646
1.4644
1.4655
1.4677
1.4706
1.4735
1.476
1.4774
1.4772
1.4754
1.472
1.4674
1.4623
1.4574
1.453
1.4495
1.4468
1.4449
1.4437
1.4429
1.4425
1.4423
1.4422
1.4422
1.4422
1.4423
1.4424
1.4424
1.4424
1.4296
1.4296
1.4296
1.4297
1.4297
1.4298
1.4299
1.4299
1.43
1.4302
1.4309
1.4325
1.436
1.4426
1.4529
1.4663
1.4802
1.4912
1.4968
1.4966
1.4915
1.4835
1.4745
1.4659
1.4586
1.453
1.4494
1.4477
1.448
1.45
1.4535
1.4581
1.4633
1.4684
1.4727
1.4755
1.4763
1.475
1.4718
1.4674
1.4623
1.4574
1.4531
1.4497
1.4471
1.4453
1.4441
1.4433
1.4428
1.4425
1.4424
1.4424
1.4424
1.4425
1.4426
1.4426
1.4288
1.4288
1.4288
1.4288
1.4289
1.429
1.4291
1.4292
1.4294
1.4299
1.4314
1.4347
1.4412
1.4519
1.4664
1.4818
1.4941
1.5
1.4984
1.491
1.4802
1.4683
1.4571
1.4474
1.4397
1.4342
1.4307
1.4294
1.43
1.4325
1.4368
1.4426
1.4495
1.4568
1.4639
1.4698
1.4737
1.4752
1.4743
1.4712
1.4668
1.4619
1.4571
1.453
1.4497
1.4472
1.4454
1.4442
1.4434
1.4428
1.4425
1.4423
1.4423
1.4423
1.4424
1.4424
1.4277
1.4277
1.4278
1.4278
1.4279
1.428
1.4281
1.4283
1.4288
1.4301
1.4332
1.4394
1.4502
1.4656
1.4827
1.4966
1.5029
1.5005
1.491
1.4776
1.4632
1.4497
1.438
1.4286
1.4213
1.4161
1.413
1.4119
1.4127
1.4154
1.42
1.4263
1.4341
1.4429
1.4521
1.4607
1.4678
1.4724
1.4742
1.4733
1.4702
1.4658
1.461
1.4564
1.4525
1.4494
1.447
1.4453
1.444
1.4431
1.4424
1.442
1.4418
1.4417
1.4418
1.4418
1.4264
1.4264
1.4264
1.4265
1.4265
1.4267
1.4269
1.4273
1.4285
1.4313
1.4371
1.4478
1.4638
1.4825
1.4984
1.5059
1.5031
1.492
1.4764
1.4598
1.4444
1.4312
1.4203
1.4116
1.4049
1.4002
1.3974
1.3964
1.3972
1.3999
1.4045
1.4108
1.4189
1.4285
1.439
1.4496
1.4593
1.4669
1.4716
1.4733
1.4721
1.4688
1.4644
1.4597
1.4554
1.4517
1.4488
1.4464
1.4446
1.4431
1.442
1.4412
1.4407
1.4405
1.4405
1.4406
1.4246
1.4247
1.4247
1.4248
1.4249
1.4251
1.4255
1.4265
1.429
1.4343
1.4446
1.4607
1.4809
1.4991
1.5087
1.5065
1.4945
1.4771
1.4587
1.4417
1.427
1.4149
1.4049
1.397
1.3909
1.3865
1.3838
1.3829
1.3837
1.3863
1.3907
1.397
1.405
1.4147
1.4259
1.4377
1.4493
1.4594
1.467
1.4713
1.4723
1.4706
1.467
1.4626
1.458
1.4539
1.4505
1.4476
1.4451
1.443
1.4412
1.4399
1.439
1.4387
1.4386
1.4386
1.4225
1.4225
1.4225
1.4226
1.4228
1.4232
1.424
1.4262
1.431
1.4404
1.4562
1.4775
1.4984
1.5111
1.5107
1.4986
1.48
1.4599
1.4414
1.4255
1.4122
1.4011
1.392
1.3845
1.3787
1.3745
1.3719
1.3711
1.3719
1.3745
1.3788
1.3849
1.3928
1.4024
1.4137
1.4262
1.439
1.4511
1.461
1.4678
1.4711
1.4711
1.4687
1.4648
1.4603
1.456
1.4521
1.4486
1.4455
1.4426
1.44
1.438
1.4367
1.4361
1.4359
1.4359
1.4198
1.4198
1.4199
1.42
1.4203
1.4211
1.4229
1.427
1.4355
1.4504
1.472
1.4956
1.5123
1.5153
1.5046
1.4853
1.4637
1.4436
1.4264
1.412
1.3999
1.3896
1.3808
1.3736
1.3679
1.3638
1.3614
1.3606
1.3615
1.3641
1.3684
1.3745
1.3822
1.3917
1.403
1.4157
1.4293
1.4426
1.4544
1.4634
1.4688
1.4706
1.4695
1.4663
1.4621
1.4577
1.4534
1.4494
1.4455
1.4418
1.4384
1.4357
1.4339
1.4329
1.4327
1.4326
1.4165
1.4166
1.4167
1.417
1.4176
1.4191
1.4225
1.4297
1.4432
1.4643
1.49
1.5115
1.5198
1.512
1.4932
1.4702
1.4484
1.4297
1.4141
1.4009
1.3895
1.3797
1.3711
1.364
1.3584
1.3544
1.3521
1.3514
1.3524
1.3551
1.3595
1.3656
1.3733
1.3827
1.3939
1.4067
1.4206
1.4348
1.448
1.4587
1.4659
1.4694
1.4695
1.4672
1.4634
1.4589
1.4544
1.4499
1.4453
1.4406
1.4363
1.4328
1.4305
1.4293
1.4289
1.4289
1.4128
1.4129
1.4131
1.4136
1.4147
1.4174
1.4234
1.4351
1.4546
1.4812
1.5075
1.5226
1.5203
1.5033
1.4796
1.4559
1.4353
1.4183
1.4041
1.3918
1.3809
1.3712
1.3627
1.3557
1.3502
1.3463
1.3441
1.3435
1.3447
1.3475
1.352
1.3582
1.3659
1.3753
1.3865
1.3993
1.4134
1.4281
1.4422
1.4542
1.4629
1.4678
1.4691
1.4675
1.4641
1.4597
1.455
1.4499
1.4445
1.439
1.4338
1.4296
1.4269
1.4254
1.425
1.4249
1.4088
1.4089
1.4092
1.41
1.412
1.4167
1.4262
1.4434
1.4692
1.499
1.522
1.5278
1.5153
1.492
1.4663
1.4435
1.4248
1.4093
1.3961
1.3843
1.3735
1.3639
1.3556
1.3487
1.3433
1.3395
1.3374
1.337
1.3383
1.3413
1.346
1.3522
1.3601
1.3695
1.3807
1.3935
1.4077
1.4228
1.4374
1.4503
1.4601
1.4661
1.4683
1.4674
1.4644
1.4601
1.4551
1.4495
1.4433
1.4369
1.431
1.4263
1.4232
1.4216
1.421
1.4209
1.4046
1.4047
1.4052
1.4065
1.4099
1.4173
1.4314
1.4548
1.4859
1.516
1.5322
1.5277
1.5071
1.4802
1.4546
1.4335
1.4165
1.4023
1.3897
1.3781
1.3675
1.358
1.3498
1.343
1.3377
1.3341
1.3322
1.332
1.3334
1.3366
1.3414
1.3478
1.3557
1.3653
1.3765
1.3893
1.4036
1.4188
1.4339
1.4473
1.4578
1.4646
1.4674
1.467
1.4643
1.46
1.4547
1.4485
1.4416
1.4344
1.4279
1.4229
1.4196
1.418
1.4174
1.4173
1.4005
1.4007
1.4014
1.4036
1.4087
1.4196
1.4392
1.4687
1.5033
1.5305
1.5379
1.524
1.4976
1.4693
1.445
1.4258
1.4103
1.3969
1.3847
1.3733
1.3628
1.3534
1.3454
1.3388
1.3337
1.3303
1.3285
1.3285
1.3301
1.3334
1.3383
1.3448
1.3529
1.3626
1.3739
1.3867
1.4011
1.4164
1.4317
1.4454
1.4562
1.4634
1.4666
1.4665
1.4639
1.4595
1.4538
1.447
1.4393
1.4316
1.4248
1.4197
1.4165
1.4149
1.4143
1.4142
1.3969
1.3971
1.3982
1.4014
1.4089
1.424
1.4494
1.4845
1.5204
1.5421
1.5399
1.5179
1.488
1.4599
1.4374
1.42
1.4056
1.3929
1.381
1.3698
1.3595
1.3503
1.3424
1.336
1.3312
1.328
1.3264
1.3265
1.3283
1.3317
1.3368
1.3434
1.3516
1.3614
1.3728
1.3857
1.4002
1.4155
1.4307
1.4445
1.4554
1.4626
1.4659
1.4658
1.4632
1.4586
1.4524
1.4449
1.4367
1.4286
1.4218
1.4169
1.4139
1.4124
1.4118
1.4117
1.3941
1.3944
1.3959
1.4004
1.4107
1.4305
1.4619
1.5014
1.5362
1.5505
1.5391
1.5109
1.4793
1.4524
1.4318
1.4158
1.4025
1.3902
1.3785
1.3675
1.3574
1.3485
1.3409
1.3348
1.3302
1.3272
1.3259
1.3261
1.3281
1.3316
1.3368
1.3436
1.3519
1.3617
1.3732
1.3863
1.4007
1.416
1.4311
1.4446
1.4553
1.4622
1.4653
1.4651
1.4622
1.4572
1.4504
1.4423
1.4337
1.4257
1.4191
1.4146
1.4119
1.4106
1.4101
1.41
1.3923
1.3927
1.3947
1.4007
1.4143
1.4392
1.4764
1.5189
1.5505
1.5563
1.5363
1.5038
1.4719
1.4465
1.4277
1.4131
1.4005
1.3887
1.3773
1.3666
1.3568
1.3482
1.3409
1.3351
1.3308
1.328
1.3269
1.3273
1.3294
1.3331
1.3384
1.3452
1.3536
1.3636
1.3751
1.3882
1.4027
1.4178
1.4325
1.4456
1.4557
1.4622
1.4648
1.4642
1.4608
1.4552
1.4479
1.4393
1.4306
1.4228
1.4168
1.4128
1.4105
1.4094
1.409
1.4089
1.3918
1.3923
1.3949
1.4027
1.4199
1.4501
1.4925
1.5365
1.5631
1.5597
1.5324
1.497
1.4657
1.4422
1.4251
1.4116
1.3997
1.3883
1.3773
1.367
1.3576
1.3493
1.3424
1.3369
1.3329
1.3304
1.3294
1.3301
1.3323
1.3361
1.3414
1.3484
1.3568
1.3669
1.3785
1.3916
1.406
1.4208
1.435
1.4474
1.4567
1.4623
1.4643
1.463
1.459
1.4528
1.4448
1.436
1.4274
1.4203
1.415
1.4117
1.4098
1.4089
1.4085
1.4085
1.3926
1.3933
1.3966
1.4064
1.4274
1.4631
1.5101
1.554
1.5738
1.5612
1.5278
1.491
1.4609
1.4393
1.4237
1.4112
1.3999
1.389
1.3785
1.3687
1.3597
1.3519
1.3453
1.3402
1.3365
1.3342
1.3335
1.3343
1.3366
1.3405
1.346
1.353
1.3615
1.3716
1.3833
1.3963
1.4104
1.4248
1.4382
1.4496
1.4579
1.4625
1.4636
1.4615
1.4567
1.4498
1.4413
1.4325
1.4245
1.4182
1.4138
1.411
1.4095
1.4088
1.4086
1.4085
1.395
1.3958
1.3999
1.4119
1.4371
1.4782
1.5292
1.5711
1.5827
1.5612
1.523
1.4858
1.4573
1.4375
1.4232
1.4117
1.4011
1.3908
1.3809
1.3716
1.3632
1.3558
1.3497
1.3449
1.3415
1.3395
1.339
1.34
1.3425
1.3465
1.352
1.359
1.3676
1.3777
1.3893
1.4022
1.4159
1.4295
1.442
1.4522
1.4592
1.4626
1.4626
1.4595
1.4539
1.4463
1.4377
1.4292
1.422
1.4166
1.413
1.4109
1.4097
1.4092
1.409
1.4089
1.3988
1.3998
1.4047
1.4192
1.4489
1.4955
1.5495
1.5877
1.5898
1.5599
1.5183
1.4815
1.4549
1.4367
1.4237
1.413
1.4031
1.3936
1.3844
1.3758
1.3679
1.3611
1.3555
1.3511
1.348
1.3463
1.346
1.3472
1.3497
1.3538
1.3593
1.3664
1.375
1.385
1.3965
1.409
1.422
1.4347
1.4459
1.4547
1.4602
1.4624
1.4612
1.4571
1.4506
1.4425
1.434
1.4262
1.4199
1.4155
1.4127
1.4111
1.4102
1.4098
1.4097
1.4096
1.4041
1.4053
1.4113
1.4285
1.4631
1.5153
1.5711
1.6033
1.5951
1.5575
1.5137
1.4781
1.4534
1.4369
1.4249
1.4151
1.406
1.3973
1.3889
1.381
1.3739
1.3677
1.3625
1.3586
1.3559
1.3545
1.3544
1.3557
1.3584
1.3625
1.368
1.3751
1.3836
1.3934
1.4045
1.4165
1.4286
1.44
1.4498
1.4569
1.4609
1.4616
1.4592
1.4541
1.4469
1.4387
1.4305
1.4236
1.4183
1.4148
1.4127
1.4115
1.4109
1.4106
1.4105
1.4105
1.411
1.4124
1.4196
1.44
1.4799
1.5376
1.5937
1.6176
1.5983
1.5544
1.5097
1.4757
1.4529
1.4378
1.4268
1.4178
1.4096
1.4018
1.3943
1.3873
1.3809
1.3754
1.3708
1.3674
1.365
1.3639
1.3641
1.3655
1.3683
1.3724
1.3779
1.3848
1.3931
1.4026
1.4131
1.4242
1.4352
1.4451
1.4532
1.4586
1.461
1.4603
1.4567
1.4507
1.4431
1.435
1.4275
1.4215
1.4173
1.4146
1.413
1.4121
1.4117
1.4115
1.4114
1.4114
1.4196
1.4212
1.4298
1.4539
1.4999
1.5628
1.6169
1.6301
1.5996
1.5507
1.5063
1.4743
1.4533
1.4394
1.4293
1.4212
1.4139
1.407
1.4005
1.3944
1.3889
1.3841
1.3802
1.3772
1.3753
1.3745
1.3749
1.3764
1.3793
1.3834
1.3887
1.3954
1.4033
1.4122
1.4219
1.4318
1.4414
1.4496
1.4559
1.4597
1.4605
1.4584
1.4538
1.4471
1.4393
1.4317
1.425
1.42
1.4166
1.4146
1.4134
1.4128
1.4125
1.4123
1.4123
1.4122
1.43
1.432
1.4423
1.4708
1.5235
1.591
1.6401
1.6402
1.5991
1.5469
1.5038
1.474
1.4546
1.4418
1.4325
1.4251
1.4186
1.4127
1.4072
1.4021
1.3975
1.3935
1.3903
1.3879
1.3864
1.386
1.3865
1.3882
1.391
1.395
1.4002
1.4064
1.4137
1.4218
1.4304
1.4389
1.4468
1.4533
1.4579
1.4599
1.4593
1.456
1.4505
1.4435
1.436
1.4289
1.4232
1.4191
1.4164
1.4148
1.4139
1.4135
1.4133
1.4132
1.4131
1.4131
1.4426
1.445
1.4575
1.4912
1.5514
1.622
1.6624
1.6475
1.5971
1.5435
1.5024
1.4749
1.4569
1.4449
1.4363
1.4296
1.4239
1.4189
1.4143
1.4101
1.4065
1.4033
1.4008
1.399
1.398
1.3979
1.3986
1.4004
1.4031
1.4069
1.4116
1.4173
1.4238
1.4309
1.4381
1.4451
1.4513
1.456
1.4588
1.4594
1.4575
1.4533
1.4473
1.4403
1.4332
1.4269
1.422
1.4185
1.4164
1.4151
1.4145
1.4141
1.414
1.4139
1.4139
1.4139
1.4579
1.4608
1.476
1.516
1.584
1.6552
1.6826
1.6519
1.5943
1.5412
1.5027
1.4771
1.4604
1.4491
1.441
1.4348
1.4297
1.4254
1.4216
1.4183
1.4155
1.4131
1.4113
1.4101
1.4095
1.4097
1.4106
1.4124
1.4149
1.4184
1.4226
1.4275
1.433
1.4389
1.4447
1.4501
1.4546
1.4576
1.4589
1.4582
1.4553
1.4505
1.4444
1.4376
1.4311
1.4255
1.4213
1.4184
1.4166
1.4155
1.415
1.4148
1.4147
1.4146
1.4146
1.4146
1.4765
1.4802
1.4987
1.5462
1.6218
1.6896
1.6997
1.6536
1.5917
1.5406
1.5049
1.4812
1.4654
1.4545
1.4468
1.4409
1.4362
1.4323
1.4291
1.4265
1.4243
1.4225
1.4213
1.4206
1.4204
1.4208
1.4218
1.4235
1.4258
1.4288
1.4324
1.4365
1.4409
1.4455
1.4499
1.4537
1.4566
1.4582
1.4582
1.4565
1.453
1.448
1.442
1.4357
1.4298
1.4248
1.4211
1.4185
1.4169
1.416
1.4155
1.4153
1.4153
1.4153
1.4153
1.4153
1.4993
1.5039
1.5265
1.5826
1.6648
1.7235
1.7127
1.6536
1.5905
1.5426
1.5097
1.4875
1.4724
1.4618
1.4542
1.4484
1.4438
1.4402
1.4372
1.4348
1.4329
1.4315
1.4306
1.4302
1.4302
1.4307
1.4317
1.4333
1.4353
1.4378
1.4406
1.4438
1.4472
1.4505
1.4535
1.456
1.4575
1.4579
1.457
1.4546
1.4508
1.4459
1.4403
1.4346
1.4293
1.4249
1.4214
1.419
1.4175
1.4165
1.416
1.4158
1.4158
1.4158
1.4159
1.4159
1.5272
1.5329
1.5607
1.6263
1.7123
1.7549
1.7215
1.6533
1.5921
1.548
1.5177
1.4968
1.4823
1.4719
1.4642
1.4582
1.4536
1.4498
1.4467
1.4442
1.4422
1.4407
1.4397
1.4391
1.439
1.4394
1.4402
1.4413
1.4429
1.4448
1.447
1.4493
1.4516
1.4538
1.4557
1.4569
1.4575
1.457
1.4554
1.4527
1.449
1.4444
1.4394
1.4343
1.4296
1.4255
1.4223
1.4199
1.4182
1.4171
1.4165
1.4162
1.4161
1.4162
1.4163
1.4163
1.5613
1.5685
1.6025
1.6781
1.7629
1.782
1.7271
1.6548
1.5978
1.558
1.5301
1.5104
1.4963
1.4859
1.478
1.4718
1.4668
1.4626
1.459
1.456
1.4535
1.4514
1.4498
1.4487
1.448
1.4477
1.4478
1.4483
1.4492
1.4503
1.4516
1.453
1.4544
1.4556
1.4565
1.4569
1.4566
1.4556
1.4538
1.4511
1.4476
1.4435
1.4392
1.4347
1.4306
1.4268
1.4237
1.4212
1.4192
1.4178
1.4168
1.4163
1.4161
1.4162
1.4163
1.4164
1.6028
1.6119
1.6535
1.7389
1.8143
1.8033
1.7312
1.6601
1.6091
1.5736
1.5482
1.5297
1.516
1.5057
1.4976
1.4911
1.4856
1.4808
1.4766
1.4728
1.4694
1.4664
1.4638
1.4615
1.4597
1.4582
1.4572
1.4565
1.4561
1.456
1.4562
1.4564
1.4567
1.4569
1.4569
1.4565
1.4557
1.4543
1.4523
1.4498
1.4467
1.4433
1.4395
1.4358
1.4321
1.4286
1.4255
1.4228
1.4206
1.4187
1.4172
1.4161
1.4156
1.4155
1.4157
1.4159
1.6532
1.6647
1.7158
1.809
1.8631
1.8188
1.7368
1.6716
1.6275
1.5963
1.5734
1.5563
1.5434
1.5333
1.5252
1.5184
1.5125
1.5072
1.5023
1.4977
1.4933
1.4892
1.4853
1.4817
1.4784
1.4753
1.4726
1.4701
1.468
1.4661
1.4645
1.4631
1.4618
1.4606
1.4593
1.4579
1.4562
1.4543
1.452
1.4493
1.4464
1.4432
1.4399
1.4366
1.4333
1.4302
1.4273
1.4246
1.422
1.4197
1.4174
1.4155
1.4141
1.4136
1.4138
1.4141
1.7145
1.7297
1.7924
1.8875
1.9056
1.8302
1.7476
1.6916
1.6543
1.6274
1.6073
1.592
1.5801
1.5705
1.5626
1.5557
1.5496
1.544
1.5386
1.5334
1.5283
1.5233
1.5184
1.5135
1.5087
1.5041
1.4995
1.4951
1.4908
1.4867
1.4828
1.4791
1.4755
1.472
1.4686
1.4652
1.4618
1.4582
1.4546
1.4508
1.4469
1.443
1.4393
1.4357
1.4325
1.4297
1.4273
1.425
1.4228
1.4204
1.4175
1.4143
1.4115
1.4099
1.4099
1.4103
1.7905
1.8111
1.8881
1.9709
1.9387
1.8423
1.7679
1.7222
1.6913
1.6686
1.6514
1.6379
1.6271
1.6182
1.6107
1.6041
1.598
1.5923
1.5868
1.5814
1.5761
1.5707
1.5652
1.5597
1.5541
1.5484
1.5426
1.5367
1.5307
1.5246
1.5184
1.5121
1.5057
1.4993
1.4928
1.4862
1.4795
1.4728
1.4659
1.459
1.4521
1.4454
1.4391
1.4336
1.429
1.4256
1.4232
1.4218
1.4207
1.4193
1.4167
1.4124
1.4073
1.4035
1.4026
1.4032
1.8879
1.9172
2.009
2.0512
1.9635
1.863
1.8026
1.7661
1.7404
1.7212
1.7061
1.6941
1.6842
1.6759
1.6687
1.6622
1.6563
1.6507
1.6453
1.6401
1.6349
1.6297
1.6245
1.6193
1.6139
1.6083
1.6025
1.5965
1.59
1.5831
1.5758
1.568
1.5597
1.5508
1.5414
1.5314
1.521
1.51
1.4986
1.4869
1.4749
1.4631
1.4516
1.4409
1.4315
1.4239
1.4184
1.4152
1.4139
1.4138
1.4128
1.4087
1.4008
1.3928
1.3897
1.3905
2.0199
2.0645
2.1569
2.1181
1.9902
1.9038
1.8572
1.8266
1.8039
1.7861
1.7718
1.7599
1.75
1.7414
1.7339
1.7272
1.721
1.7153
1.7099
1.7047
1.6998
1.6951
1.6906
1.6863
1.682
1.6777
1.6733
1.6687
1.6637
1.6583
1.6522
1.6453
1.6375
1.6286
1.6186
1.6074
1.5951
1.5815
1.5668
1.5512
1.5346
1.5174
1.4997
1.4819
1.4645
1.4479
1.4328
1.4201
1.4107
1.405
1.4022
1.3988
1.3897
1.375
1.3661
1.3672
2.218
2.2886
2.318
2.1717
2.0416
1.977
1.9374
1.9076
1.8837
1.8638
1.8472
1.8331
1.8212
1.811
1.802
1.7941
1.787
1.7805
1.7746
1.7691
1.7641
1.7596
1.7557
1.7521
1.7491
1.7465
1.7441
1.742
1.7399
1.7376
1.7349
1.7315
1.7272
1.7217
1.7148
1.7063
1.696
1.6839
1.67
1.6545
1.6372
1.6185
1.5984
1.5768
1.5538
1.5293
1.5033
1.4761
1.4485
1.4222
1.3993
1.3812
1.3642
1.3403
1.3165
1.316
2.5633
2.637
2.459
2.2457
2.1465
2.0899
2.0457
2.009
1.9777
1.9508
1.9279
1.9086
1.8922
1.8784
1.8667
1.8566
1.8476
1.8397
1.8326
1.8263
1.8207
1.8159
1.8119
1.8088
1.8065
1.8051
1.8046
1.8048
1.8056
1.8068
1.8083
1.8095
1.8103
1.8103
1.8089
1.8061
1.8013
1.7945
1.7856
1.7746
1.7617
1.7468
1.7303
1.7119
1.6916
1.6689
1.6428
1.6122
1.5755
1.5308
1.4764
1.4127
1.3422
1.2646
1.1894
1.1729
3.4834
3.0833
2.587
2.4014
2.3059
2.2305
2.1684
2.1163
2.0718
2.0339
2.0019
1.9751
1.9528
1.9344
1.9191
1.9062
1.8952
1.8855
1.8771
1.8696
1.8632
1.8577
1.8533
1.8501
1.848
1.8472
1.8477
1.8494
1.8523
1.8561
1.8608
1.866
1.8713
1.8763
1.8806
1.8836
1.885
1.8845
1.8819
1.8771
1.8704
1.8618
1.8518
1.8406
1.8283
1.8147
1.7994
1.7814
1.7587
1.7278
1.6822
1.6091
1.4846
1.2644
0.88319
0.59067
5.995
3.3123
2.7944
2.5872
2.4476
2.3417
2.2586
2.1911
2.1349
2.0877
2.0483
2.0157
1.9889
1.967
1.9491
1.9342
1.9216
1.9108
1.9014
1.8931
1.886
1.8801
1.8753
1.8718
1.8697
1.869
1.8699
1.8722
1.8761
1.8813
1.8877
1.895
1.9028
1.9107
1.9183
1.9249
1.9302
1.9337
1.9352
1.9347
1.9322
1.9281
1.9227
1.9167
1.9103
1.9041
1.898
1.892
1.8855
1.8773
1.8643
1.8397
1.784
1.6292
1.0041
-1.6937
