-0.013095
-0.011622
-0.01783
-0.034024
-0.036963
-0.030691
-0.028815
-0.028616
-0.014605
-0.010849
-0.010224
-0.016076
-0.021596
-0.026097
-0.028763
-0.028412
-0.027859
-0.0081816
-0.017455
-0.031429
-0.027117
-0.019801
-0.021375
-0.024259
-0.041088
-0.00012703
-0.038225
-0.061817
-0.051135
-0.032639
-0.025823
-0.035811
0.00015496
0.0078026
-0.05455
-0.073383
-0.0587
-0.034653
-0.029806
-0.043484
0.10333
0.0051424
-0.047498
-0.052987
-0.03972
-0.02699
-0.035046
-0.041081
0.23002
0.017852
-0.028874
-0.037556
-0.031667
-0.030819
-0.029001
-0.0091039
0.4201
0.26504
0.22129
0.18636
0.14572
0.079499
0.018141
-0.029018
