0.31768
0.31768
0.31768
0.31768
0.31766
0.31763
0.3176
0.31756
0.31753
0.31751
0.31752
0.31757
0.31767
0.31784
0.31809
0.31844
0.31894
0.31961
0.32045
0.32149
0.32268
0.32395
0.32519
0.32625
0.32697
0.32722
0.32696
0.32619
0.32502
0.32362
0.32217
0.32084
0.31977
0.31904
0.31867
0.31864
0.3189
0.31938
0.31998
0.32066
0.32134
0.322
0.32261
0.32315
0.32362
0.32403
0.32439
0.3247
0.32496
0.32519
0.32539
0.32555
0.32568
0.32577
0.32583
0.32587
0.32588
0.32587
0.32586
0.32584
0.32583
0.32583
0.32583
0.32583
0.31768
0.31768
0.31768
0.31768
0.31766
0.31764
0.3176
0.31757
0.31754
0.31752
0.31754
0.31759
0.31768
0.31785
0.3181
0.31846
0.31895
0.31962
0.32046
0.32149
0.32267
0.32393
0.32516
0.32621
0.32693
0.32718
0.32692
0.32617
0.32501
0.32362
0.32218
0.32086
0.3198
0.31907
0.31871
0.31868
0.31894
0.31941
0.32001
0.32068
0.32136
0.32201
0.32262
0.32316
0.32363
0.32404
0.32439
0.3247
0.32496
0.32519
0.32539
0.32555
0.32567
0.32577
0.32583
0.32586
0.32587
0.32587
0.32586
0.32584
0.32583
0.32583
0.32583
0.32583
0.31768
0.31768
0.31768
0.31768
0.31767
0.31764
0.31761
0.31758
0.31755
0.31754
0.31756
0.31761
0.31771
0.31788
0.31813
0.31849
0.31898
0.31964
0.32048
0.32149
0.32266
0.3239
0.32511
0.32614
0.32685
0.32712
0.32688
0.32616
0.32505
0.3237
0.32229
0.32099
0.31994
0.31921
0.31883
0.31879
0.31903
0.31948
0.32007
0.32073
0.3214
0.32204
0.32264
0.32317
0.32364
0.32405
0.3244
0.3247
0.32497
0.32519
0.32538
0.32554
0.32567
0.32576
0.32582
0.32585
0.32586
0.32586
0.32585
0.32584
0.32583
0.32583
0.32583
0.32583
0.31769
0.31769
0.31769
0.31768
0.31767
0.31765
0.31763
0.3176
0.31758
0.31757
0.31759
0.31765
0.31775
0.31792
0.31817
0.31854
0.31903
0.31969
0.32051
0.32151
0.32265
0.32386
0.32503
0.32605
0.32676
0.32706
0.32689
0.32625
0.32524
0.32398
0.32263
0.32137
0.32031
0.31955
0.31913
0.31904
0.31923
0.31964
0.32019
0.32081
0.32146
0.32209
0.32268
0.3232
0.32367
0.32407
0.32441
0.32471
0.32497
0.32519
0.32538
0.32554
0.32566
0.32575
0.32581
0.32584
0.32585
0.32585
0.32584
0.32584
0.32583
0.32582
0.32582
0.32582
0.3177
0.3177
0.3177
0.31769
0.31768
0.31766
0.31764
0.31762
0.3176
0.3176
0.31763
0.31769
0.3178
0.31798
0.31824
0.31861
0.3191
0.31975
0.32057
0.32154
0.32264
0.3238
0.32494
0.32594
0.32667
0.32705
0.327
0.32653
0.3257
0.32459
0.32337
0.32215
0.32109
0.32027
0.31976
0.31955
0.31963
0.31993
0.3204
0.32097
0.32157
0.32217
0.32273
0.32324
0.3237
0.32409
0.32443
0.32473
0.32498
0.3252
0.32538
0.32553
0.32565
0.32574
0.32579
0.32583
0.32584
0.32584
0.32584
0.32583
0.32582
0.32582
0.32581
0.32581
0.31773
0.31773
0.31772
0.31771
0.3177
0.31768
0.31766
0.31764
0.31763
0.31764
0.31767
0.31774
0.31786
0.31805
0.31832
0.31869
0.31919
0.31983
0.32063
0.32157
0.32262
0.32373
0.32484
0.32583
0.32663
0.32714
0.3273
0.3271
0.32654
0.32569
0.32464
0.32352
0.32245
0.32154
0.32086
0.32046
0.32034
0.32047
0.32079
0.32124
0.32176
0.3223
0.32282
0.32331
0.32374
0.32413
0.32446
0.32475
0.325
0.32521
0.32539
0.32553
0.32565
0.32573
0.32578
0.32582
0.32583
0.32583
0.32583
0.32582
0.32581
0.32581
0.3258
0.3258
0.31777
0.31776
0.31775
0.31774
0.31772
0.3177
0.31768
0.31767
0.31766
0.31768
0.31772
0.3178
0.31792
0.31812
0.3184
0.31878
0.31927
0.3199
0.32067
0.32156
0.32256
0.32363
0.32472
0.32576
0.32668
0.32741
0.32788
0.32803
0.32785
0.32734
0.32657
0.3256
0.32454
0.32352
0.32263
0.32196
0.32154
0.32138
0.32145
0.3217
0.32207
0.32251
0.32296
0.3234
0.32381
0.32417
0.32449
0.32477
0.32502
0.32522
0.3254
0.32554
0.32565
0.32573
0.32578
0.32581
0.32583
0.32583
0.32582
0.32582
0.32581
0.3258
0.32579
0.32578
0.3178
0.3178
0.31778
0.31776
0.31774
0.31772
0.3177
0.31769
0.31769
0.31771
0.31776
0.31784
0.31798
0.31818
0.31846
0.31884
0.31932
0.31992
0.32064
0.32148
0.32244
0.3235
0.32463
0.32579
0.32693
0.32797
0.32883
0.32943
0.3297
0.32962
0.32919
0.32844
0.32745
0.32634
0.32522
0.32421
0.3234
0.32284
0.32254
0.32248
0.32261
0.32286
0.32319
0.32355
0.32391
0.32424
0.32454
0.32481
0.32504
0.32524
0.32541
0.32555
0.32565
0.32573
0.32578
0.32582
0.32583
0.32583
0.32583
0.32582
0.3258
0.32579
0.32578
0.32578
0.31783
0.31782
0.31781
0.31778
0.31776
0.31773
0.31771
0.3177
0.3177
0.31773
0.31778
0.31787
0.31801
0.31821
0.31848
0.31884
0.31928
0.31984
0.32051
0.32131
0.32225
0.32336
0.32462
0.32602
0.32749
0.32895
0.33029
0.3314
0.33219
0.33257
0.33253
0.33205
0.33119
0.33004
0.32872
0.32736
0.32609
0.32503
0.32423
0.32373
0.32349
0.32346
0.32359
0.32381
0.32407
0.32435
0.32461
0.32486
0.32508
0.32527
0.32543
0.32556
0.32567
0.32574
0.3258
0.32583
0.32585
0.32585
0.32584
0.32583
0.32582
0.3258
0.32579
0.32579
0.31783
0.31782
0.3178
0.31778
0.31775
0.31772
0.3177
0.3177
0.3177
0.31773
0.31779
0.31788
0.31801
0.31819
0.31843
0.31875
0.31914
0.31964
0.32026
0.32105
0.32205
0.32331
0.32485
0.32663
0.32859
0.33059
0.33249
0.33415
0.33544
0.33628
0.33661
0.33642
0.33573
0.33461
0.33314
0.33147
0.32974
0.32812
0.32673
0.32565
0.32489
0.32445
0.32426
0.32425
0.32436
0.32453
0.32473
0.32493
0.32513
0.3253
0.32546
0.32559
0.32569
0.32577
0.32583
0.32586
0.32588
0.32588
0.32588
0.32586
0.32585
0.32584
0.32583
0.32582
0.3178
0.31779
0.31777
0.31774
0.31771
0.31769
0.31767
0.31767
0.31768
0.31771
0.31776
0.31784
0.31795
0.3181
0.3183
0.31855
0.31888
0.31933
0.31994
0.32079
0.32197
0.32355
0.32554
0.3279
0.33051
0.33317
0.33569
0.3379
0.33966
0.34088
0.34151
0.34156
0.34102
0.33994
0.3384
0.3365
0.33438
0.33222
0.33018
0.32842
0.32702
0.326
0.32535
0.32498
0.32484
0.32484
0.32493
0.32506
0.32521
0.32536
0.3255
0.32563
0.32573
0.32581
0.32587
0.32591
0.32593
0.32594
0.32594
0.32593
0.32591
0.3259
0.32589
0.32588
0.31771
0.3177
0.31768
0.31766
0.31763
0.31761
0.3176
0.3176
0.31762
0.31764
0.31769
0.31775
0.31783
0.31794
0.31807
0.31826
0.31854
0.31897
0.31965
0.32069
0.32223
0.32434
0.32702
0.33017
0.33359
0.33701
0.34018
0.34289
0.34501
0.34649
0.34729
0.34744
0.34697
0.34592
0.34434
0.3423
0.3399
0.33729
0.33465
0.33218
0.33003
0.32831
0.32703
0.32617
0.32564
0.32537
0.32528
0.32528
0.32536
0.32546
0.32558
0.32569
0.32579
0.32588
0.32595
0.32599
0.32602
0.32603
0.32603
0.32602
0.32601
0.326
0.32599
0.32598
0.31757
0.31756
0.31754
0.31752
0.3175
0.31749
0.31749
0.3175
0.31751
0.31754
0.31757
0.31761
0.31765
0.3177
0.31778
0.31792
0.31819
0.31869
0.31957
0.321
0.32314
0.32605
0.32968
0.33383
0.33817
0.34237
0.34611
0.34919
0.3515
0.35303
0.35382
0.35393
0.35342
0.35234
0.35072
0.3486
0.34604
0.34314
0.34004
0.33694
0.33404
0.33152
0.32949
0.32797
0.32692
0.32625
0.32586
0.32567
0.32561
0.32563
0.3257
0.32579
0.32588
0.32597
0.32604
0.3261
0.32613
0.32615
0.32615
0.32615
0.32614
0.32614
0.32613
0.32613
0.31736
0.31735
0.31734
0.31733
0.31732
0.31732
0.31733
0.31734
0.31737
0.31739
0.3174
0.31741
0.31741
0.31742
0.31746
0.3176
0.31795
0.31866
0.31995
0.32203
0.32507
0.32909
0.33392
0.3392
0.34448
0.34931
0.35338
0.35654
0.35874
0.36007
0.36064
0.36055
0.35991
0.35875
0.35712
0.35501
0.35243
0.34942
0.34607
0.34252
0.339
0.33572
0.33287
0.33057
0.32883
0.32761
0.3268
0.32631
0.32605
0.32593
0.32591
0.32595
0.32602
0.3261
0.32618
0.32624
0.32628
0.32631
0.32632
0.32633
0.32633
0.32633
0.32632
0.32632
0.3171
0.31709
0.31708
0.31708
0.31708
0.31709
0.31711
0.31714
0.31717
0.31719
0.31719
0.31717
0.31715
0.31713
0.31718
0.31741
0.31796
0.31909
0.32106
0.32414
0.32846
0.3339
0.34009
0.34647
0.35243
0.3575
0.36143
0.36418
0.36585
0.36664
0.36675
0.36635
0.36554
0.36437
0.36283
0.36088
0.35849
0.35562
0.35228
0.34858
0.34466
0.34078
0.33718
0.33405
0.33152
0.32961
0.32824
0.32733
0.32675
0.32642
0.32626
0.32621
0.32623
0.32628
0.32635
0.32641
0.32647
0.3265
0.32653
0.32655
0.32656
0.32656
0.32657
0.32657
0.31678
0.31678
0.31677
0.31678
0.31679
0.31681
0.31685
0.31689
0.31692
0.31694
0.31693
0.3169
0.31687
0.31687
0.31701
0.31744
0.31841
0.32025
0.3233
0.32782
0.33379
0.34085
0.34832
0.35542
0.36146
0.36605
0.36909
0.37077
0.37139
0.37128
0.37073
0.36994
0.36901
0.36797
0.36675
0.36525
0.36336
0.36098
0.35803
0.35454
0.3506
0.34641
0.34225
0.3384
0.33506
0.33236
0.3303
0.32883
0.32782
0.32718
0.3268
0.32661
0.32654
0.32654
0.32658
0.32663
0.32669
0.32674
0.32678
0.32681
0.32683
0.32684
0.32686
0.32686
0.31642
0.31642
0.31642
0.31643
0.31645
0.31648
0.31653
0.31658
0.31662
0.31664
0.31664
0.31661
0.3166
0.31669
0.31703
0.31787
0.31956
0.32254
0.32718
0.33359
0.34147
0.35003
0.35827
0.36522
0.37029
0.37335
0.37461
0.37452
0.37361
0.37231
0.37097
0.3698
0.36889
0.36819
0.3676
0.36693
0.36597
0.36453
0.36246
0.35966
0.35616
0.35211
0.34775
0.3434
0.33937
0.33589
0.33307
0.33092
0.32937
0.3283
0.32761
0.3272
0.32698
0.32688
0.32687
0.3269
0.32695
0.327
0.32705
0.3271
0.32713
0.32716
0.32718
0.32719
0.31602
0.31602
0.31603
0.31604
0.31607
0.31611
0.31616
0.31622
0.31627
0.31629
0.3163
0.3163
0.31637
0.31665
0.31738
0.31894
0.32182
0.32652
0.3333
0.34194
0.35158
0.36094
0.36875
0.37415
0.3769
0.3773
0.37596
0.37362
0.37091
0.36834
0.36626
0.36483
0.36409
0.36397
0.36428
0.3648
0.36521
0.36522
0.36456
0.36303
0.36056
0.35718
0.35312
0.34867
0.34422
0.34009
0.33653
0.33365
0.33145
0.32986
0.32876
0.32804
0.3276
0.32735
0.32724
0.32721
0.32723
0.32728
0.32733
0.32739
0.32744
0.32748
0.32751
0.32753
0.31557
0.31558
0.31558
0.31559
0.31563
0.31567
0.31573
0.3158
0.31585
0.31588
0.31591
0.31599
0.31623
0.31688
0.31832
0.32109
0.3258
0.33288
0.34222
0.35291
0.3634
0.37204
0.37764
0.37983
0.37898
0.37593
0.37163
0.36697
0.36261
0.359
0.35639
0.35488
0.35448
0.35506
0.35643
0.35832
0.36038
0.36222
0.36346
0.36377
0.36292
0.36085
0.35767
0.35365
0.34919
0.3447
0.34055
0.33698
0.3341
0.3319
0.33029
0.32917
0.32843
0.32797
0.32771
0.32758
0.32753
0.32755
0.32759
0.32765
0.32771
0.32777
0.32781
0.32783
0.31505
0.31505
0.31506
0.31508
0.31511
0.31516
0.31523
0.31529
0.31535
0.3154
0.31549
0.31572
0.31631
0.31764
0.32028
0.32496
0.33226
0.34223
0.35395
0.3656
0.37507
0.38081
0.38226
0.37991
0.37484
0.3683
0.3614
0.35493
0.34944
0.34521
0.34239
0.341
0.341
0.34227
0.34463
0.34783
0.35153
0.3553
0.35869
0.36122
0.36252
0.36235
0.36068
0.3577
0.35376
0.34933
0.34487
0.34076
0.33724
0.3344
0.33222
0.33063
0.32952
0.32877
0.32829
0.328
0.32784
0.32778
0.32778
0.32783
0.32789
0.32795
0.328
0.32802
0.31443
0.31443
0.31443
0.31445
0.31449
0.31454
0.31461
0.31468
0.31475
0.31485
0.31507
0.3156
0.31683
0.31935
0.32394
0.33138
0.34188
0.35458
0.36742
0.37781
0.38372
0.3844
0.38046
0.37327
0.36442
0.35524
0.34666
0.33927
0.33333
0.32898
0.32624
0.32507
0.32542
0.32721
0.33031
0.33451
0.33954
0.34502
0.35045
0.35528
0.35899
0.36116
0.36154
0.36019
0.35735
0.35348
0.3491
0.34472
0.3407
0.33728
0.33452
0.33241
0.33086
0.32975
0.32898
0.32847
0.32814
0.32795
0.32786
0.32785
0.32789
0.32794
0.328
0.32803
0.31365
0.31365
0.31366
0.31368
0.31372
0.31378
0.31385
0.31393
0.31404
0.31425
0.31473
0.31586
0.31823
0.32269
0.33015
0.34106
0.35467
0.36875
0.3802
0.38644
0.38648
0.38101
0.37179
0.36074
0.34946
0.33898
0.32988
0.3224
0.31659
0.31245
0.30993
0.30898
0.30957
0.31164
0.31513
0.31992
0.32582
0.33251
0.33958
0.34645
0.35251
0.35715
0.35993
0.36067
0.35946
0.35668
0.35284
0.34854
0.34426
0.34038
0.33709
0.33445
0.33242
0.3309
0.32979
0.32898
0.3284
0.328
0.32776
0.32764
0.32762
0.32766
0.32771
0.32774
0.31267
0.31268
0.31269
0.31272
0.31277
0.31283
0.31291
0.31302
0.31322
0.31366
0.31469
0.31689
0.32114
0.3285
0.33965
0.35406
0.36942
0.38214
0.38902
0.3887
0.38196
0.37091
0.3579
0.34477
0.33267
0.32214
0.31335
0.30629
0.30089
0.29707
0.29479
0.294
0.29468
0.29684
0.30044
0.30543
0.31173
0.31912
0.32726
0.33568
0.34372
0.35067
0.35591
0.35899
0.3598
0.35856
0.35571
0.35187
0.34764
0.3435
0.33979
0.33666
0.33415
0.33219
0.33067
0.3295
0.32858
0.32789
0.32741
0.32712
0.327
0.32698
0.32702
0.32706
0.31146
0.31146
0.31148
0.31152
0.31157
0.31165
0.31176
0.31195
0.31235
0.31328
0.31528
0.31927
0.32639
0.33757
0.35259
0.36923
0.38349
0.39145
0.39124
0.38362
0.37105
0.35634
0.34162
0.32814
0.31642
0.30654
0.29841
0.2919
0.28692
0.2834
0.28129
0.28059
0.28129
0.28341
0.28696
0.29193
0.29829
0.30593
0.31464
0.32403
0.33353
0.3424
0.34988
0.35531
0.35833
0.35894
0.35746
0.35446
0.35058
0.34643
0.34245
0.33893
0.33597
0.33356
0.3316
0.32999
0.32866
0.32758
0.32676
0.32621
0.32593
0.32584
0.32585
0.32588
0.30994
0.30996
0.30998
0.31003
0.3101
0.31021
0.31039
0.31075
0.31158
0.31338
0.31705
0.32378
0.33475
0.35012
0.36795
0.38402
0.39364
0.39419
0.38623
0.37253
0.35636
0.34023
0.32553
0.31276
0.30193
0.29286
0.28537
0.27933
0.27466
0.27134
0.26935
0.26869
0.2694
0.27146
0.27491
0.27976
0.28602
0.29366
0.30256
0.31245
0.32288
0.33317
0.3425
0.35006
0.35526
0.35786
0.35799
0.35612
0.35289
0.34896
0.3449
0.3411
0.33777
0.33493
0.33251
0.33042
0.32858
0.327
0.32575
0.32487
0.32436
0.32416
0.32413
0.32416
0.30809
0.30811
0.30815
0.30821
0.30831
0.30848
0.30881
0.30954
0.31113
0.31442
0.32065
0.33114
0.34653
0.36535
0.38342
0.39534
0.3975
0.38991
0.37553
0.35814
0.34071
0.32485
0.3111
0.29939
0.28946
0.28106
0.27403
0.26829
0.26381
0.26061
0.25869
0.25809
0.2588
0.26084
0.26423
0.26898
0.27511
0.28263
0.29151
0.30158
0.31252
0.32375
0.33448
0.34383
0.35101
0.35556
0.3574
0.35683
0.35447
0.35098
0.34702
0.34308
0.33944
0.33621
0.33333
0.33071
0.32829
0.32613
0.32435
0.32306
0.32228
0.32194
0.32186
0.32187
0.30586
0.30589
0.30594
0.30603
0.30618
0.30648
0.30711
0.30849
0.31138
0.31698
0.32676
0.34176
0.3612
0.38131
0.39615
0.4009
0.39464
0.38019
0.36184
0.34314
0.3261
0.31135
0.29877
0.28802
0.27877
0.2708
0.26403
0.25846
0.25409
0.25096
0.24911
0.24856
0.24932
0.25139
0.25477
0.25947
0.26552
0.27293
0.28171
0.29179
0.30296
0.31475
0.32647
0.33721
0.34607
0.35239
0.35589
0.3567
0.35532
0.35243
0.34871
0.34475
0.34091
0.33733
0.33399
0.3308
0.32774
0.32492
0.32255
0.3208
0.31972
0.31922
0.31908
0.31908
0.30323
0.30326
0.30334
0.30347
0.30373
0.30427
0.30544
0.30792
0.31281
0.32166
0.33585
0.35538
0.37726
0.39547
0.40391
0.40017
0.38649
0.36754
0.34761
0.32928
0.31343
0.29996
0.2884
0.27834
0.2695
0.26177
0.25513
0.24964
0.24533
0.24228
0.2405
0.24002
0.24085
0.24299
0.24643
0.25115
0.25717
0.26451
0.27321
0.28323
0.29447
0.30658
0.31895
0.33071
0.34092
0.34876
0.35377
0.3559
0.35554
0.35332
0.34996
0.34608
0.3421
0.33822
0.33442
0.33063
0.32689
0.32337
0.32037
0.31815
0.31676
0.3161
0.3159
0.31588
0.3002
0.30025
0.30035
0.30057
0.30101
0.30197
0.30403
0.30818
0.31593
0.32891
0.34787
0.37093
0.39259
0.40572
0.40597
0.39426
0.3753
0.35423
0.33446
0.31734
0.30287
0.2905
0.27967
0.27002
0.26139
0.25377
0.2472
0.24176
0.23752
0.23454
0.23285
0.23247
0.2334
0.23563
0.23915
0.24395
0.25
0.25734
0.26598
0.27596
0.2872
0.29947
0.31225
0.32474
0.33597
0.34505
0.35134
0.35467
0.35528
0.35374
0.35077
0.34703
0.34298
0.33882
0.33456
0.33015
0.32569
0.32147
0.31787
0.3152
0.31353
0.31272
0.31246
0.31243
0.29684
0.2969
0.29705
0.29739
0.29814
0.29978
0.30318
0.30972
0.32115
0.33885
0.36219
0.38682
0.40529
0.4111
0.40302
0.38508
0.36315
0.34179
0.32313
0.30746
0.2942
0.28264
0.27226
0.26283
0.2543
0.24673
0.24022
0.23485
0.2307
0.22781
0.22622
0.22595
0.22699
0.22934
0.23297
0.23785
0.24398
0.25136
0.26001
0.26996
0.2812
0.29354
0.30658
0.31956
0.33155
0.34157
0.3489
0.35323
0.35468
0.35378
0.3512
0.34762
0.34351
0.33908
0.33434
0.32931
0.32415
0.31927
0.31513
0.31207
0.31018
0.30925
0.30894
0.30889
0.29323
0.29331
0.29353
0.29406
0.29529
0.29794
0.30323
0.31289
0.3287
0.35121
0.37772
0.40144
0.4142
0.41183
0.39654
0.37448
0.3515
0.33097
0.31379
0.29947
0.28714
0.27611
0.26598
0.25666
0.2482
0.24069
0.23425
0.22897
0.22493
0.22215
0.22068
0.22052
0.22168
0.22415
0.22789
0.23289
0.23911
0.24656
0.25524
0.26521
0.27645
0.28885
0.30204
0.31535
0.32785
0.33856
0.34668
0.35178
0.35392
0.35355
0.35131
0.34787
0.34369
0.33897
0.33374
0.32808
0.32226
0.31681
0.31224
0.30891
0.30687
0.30587
0.30552
0.30546
0.28955
0.28965
0.28996
0.29078
0.2927
0.29675
0.30451
0.31796
0.33854
0.36534
0.39325
0.41361
0.41913
0.40889
0.38812
0.36387
0.34116
0.32201
0.3063
0.29309
0.28142
0.27072
0.26074
0.25149
0.24309
0.23567
0.22934
0.22418
0.22027
0.21762
0.21628
0.21625
0.21753
0.22011
0.22396
0.22907
0.2354
0.24293
0.25168
0.26168
0.27296
0.2854
0.29869
0.3122
0.32503
0.33619
0.34484
0.35049
0.35312
0.35314
0.35115
0.3478
0.3435
0.33846
0.33272
0.32645
0.32007
0.31417
0.30933
0.30587
0.30376
0.30273
0.30237
0.30231
0.28598
0.2861
0.28654
0.28776
0.29061
0.29647
0.30728
0.32503
0.35037
0.38046
0.40775
0.42281
0.42054
0.40351
0.37906
0.35412
0.33246
0.31484
0.30043
0.28806
0.27685
0.26636
0.25649
0.24732
0.23902
0.23173
0.22554
0.22053
0.21676
0.21426
0.21306
0.21315
0.21455
0.21725
0.22121
0.22642
0.23285
0.24047
0.2493
0.25937
0.27069
0.28317
0.29652
0.31014
0.32314
0.33455
0.34349
0.34945
0.35237
0.35262
0.35078
0.34742
0.34295
0.33753
0.33127
0.32445
0.31763
0.31147
0.30653
0.30307
0.30099
0.29998
0.29963
0.29955
0.28274
0.28289
0.2835
0.28524
0.28928
0.29737
0.3117
0.33402
0.36376
0.39579
0.42054
0.42902
0.4192
0.39681
0.37025
0.34565
0.32541
0.30926
0.29593
0.2842
0.27332
0.26299
0.25323
0.24419
0.23603
0.2289
0.22288
0.21805
0.21444
0.2121
0.21104
0.21126
0.21278
0.21559
0.21966
0.22496
0.23148
0.23919
0.2481
0.25824
0.26962
0.28215
0.29553
0.30917
0.3222
0.33365
0.34266
0.34871
0.35173
0.35204
0.35021
0.34675
0.34201
0.33616
0.32939
0.32212
0.31503
0.30881
0.30395
0.30062
0.29866
0.29771
0.29737
0.2973
0.28004
0.28024
0.28106
0.28345
0.28892
0.29961
0.31783
0.34479
0.37825
0.41072
0.43131
0.43258
0.41596
0.38965
0.36223
0.33862
0.3199
0.30507
0.29261
0.28138
0.27076
0.26059
0.25099
0.24211
0.23414
0.2272
0.22138
0.21674
0.21332
0.21114
0.21023
0.21059
0.21223
0.21514
0.2193
0.22469
0.23129
0.23908
0.24808
0.2583
0.26974
0.28231
0.29567
0.30925
0.32218
0.3335
0.34236
0.34828
0.35119
0.35141
0.34945
0.34577
0.34067
0.33434
0.32711
0.31954
0.31238
0.3063
0.30169
0.29861
0.29683
0.29597
0.29566
0.29559
0.27809
0.27833
0.27941
0.28257
0.28972
0.30333
0.32568
0.3571
0.39343
0.42486
0.44003
0.43397
0.41156
0.38263
0.35526
0.33297
0.31574
0.30205
0.29032
0.2795
0.26913
0.25917
0.24977
0.2411
0.23336
0.22665
0.22105
0.21662
0.21339
0.21139
0.21063
0.21112
0.21288
0.21589
0.22013
0.2256
0.23228
0.24014
0.24922
0.25951
0.27101
0.28359
0.2969
0.31032
0.323
0.33401
0.34253
0.34812
0.35074
0.35071
0.34847
0.34445
0.3389
0.3321
0.3245
0.3168
0.30978
0.30404
0.29983
0.29708
0.29552
0.29477
0.29449
0.29442
0.27705
0.27734
0.27871
0.28276
0.2918
0.30858
0.33518
0.37076
0.40896
0.43797
0.44681
0.43368
0.40656
0.37612
0.34943
0.32861
0.31276
0.30006
0.28895
0.27851
0.26842
0.25872
0.24957
0.24117
0.23369
0.22723
0.22188
0.21767
0.21465
0.21283
0.21223
0.21286
0.21472
0.21782
0.22215
0.22768
0.23442
0.24235
0.25149
0.26186
0.2734
0.28595
0.29913
0.31229
0.32458
0.33509
0.34308
0.34816
0.35032
0.34988
0.34724
0.34275
0.3367
0.32947
0.32165
0.31403
0.30736
0.30211
0.29839
0.29602
0.2947
0.29407
0.29383
0.29377
0.27702
0.27738
0.27909
0.28413
0.29525
0.31541
0.34629
0.38561
0.42462
0.44991
0.45184
0.43213
0.40137
0.37033
0.34472
0.32539
0.3108
0.29896
0.28841
0.27837
0.26861
0.25922
0.25039
0.24231
0.23513
0.22895
0.22386
0.2199
0.21708
0.21545
0.21501
0.21577
0.21774
0.22093
0.22532
0.23091
0.2377
0.24569
0.25489
0.2653
0.27684
0.28931
0.30226
0.31503
0.32677
0.33662
0.3439
0.3483
0.34985
0.34886
0.34569
0.34065
0.33409
0.32652
0.31866
0.31135
0.30522
0.30057
0.29739
0.29542
0.29433
0.29381
0.29361
0.29356
0.2781
0.27851
0.2806
0.28675
0.30013
0.32385
0.35899
0.40152
0.44022
0.46063
0.45528
0.42968
0.39629
0.36534
0.34105
0.32317
0.30971
0.29865
0.28864
0.27904
0.26968
0.26068
0.25222
0.2445
0.23765
0.23179
0.22698
0.22327
0.22068
0.21923
0.21895
0.21984
0.22191
0.22517
0.22962
0.23526
0.24209
0.25013
0.25937
0.26979
0.28128
0.29356
0.30617
0.3184
0.32942
0.33843
0.34484
0.34842
0.34924
0.34758
0.34377
0.33813
0.33111
0.32336
0.31569
0.30888
0.30341
0.29944
0.2968
0.2952
0.29433
0.29392
0.29375
0.29371
0.2803
0.28079
0.2833
0.29066
0.30648
0.33394
0.37329
0.41842
0.45564
0.47006
0.45732
0.42659
0.3915
0.36118
0.33834
0.32183
0.30939
0.29905
0.2896
0.28048
0.2716
0.26305
0.25503
0.24772
0.24125
0.23573
0.23122
0.22777
0.2254
0.22415
0.22402
0.22504
0.22721
0.23054
0.23503
0.24071
0.24757
0.25563
0.26487
0.27525
0.28659
0.29858
0.31069
0.32221
0.33233
0.34035
0.34576
0.3484
0.34838
0.34596
0.34144
0.33523
0.32787
0.32014
0.31287
0.30671
0.30199
0.29869
0.29656
0.29531
0.29463
0.29431
0.29417
0.29413
0.28365
0.28423
0.28721
0.29591
0.31438
0.34576
0.38923
0.43627
0.4707
0.47814
0.45809
0.42309
0.38713
0.35784
0.33649
0.32125
0.30973
0.30009
0.29122
0.28266
0.27432
0.2663
0.25878
0.25193
0.24588
0.24073
0.23654
0.23336
0.23123
0.23017
0.2302
0.23134
0.23359
0.23698
0.24152
0.24722
0.25409
0.26213
0.27132
0.28156
0.29263
0.30417
0.31561
0.32624
0.33532
0.3422
0.34651
0.34813
0.34719
0.34394
0.33872
0.332
0.32449
0.317
0.31032
0.30492
0.30096
0.29829
0.29662
0.29565
0.29514
0.29489
0.29478
0.29474
0.28817
0.28885
0.29235
0.30255
0.32392
0.35946
0.40693
0.45498
0.4852
0.48477
0.4577
0.41936
0.38327
0.3553
0.33542
0.32135
0.31068
0.30171
0.29346
0.28551
0.27779
0.27037
0.26342
0.25709
0.2515
0.24675
0.2429
0.24002
0.23814
0.23727
0.23746
0.23871
0.24104
0.24448
0.24904
0.25474
0.26158
0.26955
0.27859
0.28857
0.29922
0.31013
0.32072
0.33029
0.33817
0.34382
0.34694
0.34748
0.34558
0.3415
0.33564
0.32859
0.32113
0.3141
0.30813
0.30354
0.3003
0.29818
0.2969
0.29617
0.29578
0.29559
0.2955
0.29547
0.29387
0.29466
0.29878
0.31066
0.33525
0.37522
0.42649
0.47445
0.49888
0.48984
0.45629
0.41557
0.38
0.35353
0.33507
0.32205
0.31216
0.30385
0.29625
0.28898
0.28193
0.27519
0.26887
0.26311
0.25803
0.25372
0.25025
0.24768
0.24605
0.24539
0.24573
0.24709
0.24949
0.25296
0.25752
0.26317
0.26991
0.27772
0.2865
0.29607
0.30612
0.31621
0.32575
0.33411
0.34069
0.34504
0.34695
0.3464
0.34354
0.33869
0.33233
0.32515
0.31798
0.31156
0.30637
0.30254
0.29994
0.2983
0.29732
0.29678
0.29649
0.29635
0.29628
0.29625
0.30082
0.30174
0.30656
0.32039
0.3486
0.39331
0.44801
0.49444
0.51138
0.49325
0.45401
0.41192
0.37741
0.35254
0.3354
0.32332
0.31415
0.30648
0.29955
0.29298
0.28667
0.28065
0.27502
0.26989
0.26537
0.26154
0.25848
0.25625
0.25489
0.25444
0.25493
0.25639
0.25884
0.26231
0.26682
0.27236
0.27893
0.28645
0.29481
0.30379
0.31305
0.32213
0.33048
0.33751
0.34272
0.34576
0.34646
0.34484
0.3411
0.33561
0.32895
0.32186
0.31516
0.30945
0.30503
0.3019
0.29984
0.29858
0.29784
0.29744
0.29722
0.29712
0.29706
0.29704
0.30911
0.3102
0.31586
0.33195
0.36428
0.41404
0.47155
0.51458
0.5223
0.49498
0.45109
0.40862
0.37557
0.35233
0.33639
0.32514
0.31661
0.30956
0.30328
0.29744
0.29189
0.28664
0.28174
0.27728
0.27336
0.27006
0.26744
0.26557
0.2645
0.26427
0.26491
0.26645
0.26893
0.27236
0.27675
0.2821
0.28836
0.29545
0.30323
0.31143
0.31972
0.32763
0.33467
0.34031
0.34415
0.34589
0.34544
0.34285
0.33837
0.33243
0.32568
0.3189
0.31279
0.3078
0.3041
0.30155
0.29993
0.29896
0.29841
0.29811
0.29795
0.29787
0.29783
0.29781
0.31893
0.32022
0.32689
0.34567
0.38269
0.43771
0.49699
0.53434
0.53125
0.49509
0.44785
0.40591
0.37463
0.35294
0.33807
0.32753
0.31957
0.31307
0.30742
0.30227
0.29748
0.29299
0.28885
0.28509
0.28181
0.27906
0.27691
0.27543
0.27466
0.27465
0.27543
0.27704
0.2795
0.28282
0.28702
0.29206
0.29789
0.3044
0.31142
0.31868
0.32585
0.33248
0.33815
0.3424
0.3449
0.34544
0.34394
0.34053
0.3355
0.32933
0.32273
0.31639
0.31091
0.30661
0.30351
0.30144
0.30015
0.2994
0.29898
0.29875
0.29864
0.29858
0.29855
0.29854
0.33054
0.33207
0.33997
0.36194
0.40431
0.46463
0.52404
0.55301
0.5379
0.49384
0.44469
0.40409
0.37471
0.35446
0.34051
0.33056
0.32307
0.31706
0.31196
0.30744
0.30334
0.29958
0.29616
0.2931
0.29046
0.28827
0.28661
0.28553
0.28506
0.28526
0.28617
0.28781
0.2902
0.29335
0.29725
0.30187
0.30714
0.31293
0.31905
0.32525
0.33119
0.3365
0.3408
0.34371
0.34498
0.34444
0.34207
0.33804
0.33268
0.32652
0.32022
0.31441
0.30956
0.30584
0.30323
0.30151
0.30046
0.29986
0.29953
0.29937
0.29929
0.29925
0.29923
0.29922
0.34429
0.34612
0.35552
0.3813
0.42967
0.49495
0.55211
0.5698
0.54213
0.49171
0.44215
0.40348
0.37601
0.35705
0.34384
0.33437
0.32725
0.32162
0.31695
0.31294
0.30942
0.30629
0.30351
0.30109
0.29904
0.2974
0.29621
0.2955
0.29533
0.29573
0.29673
0.29835
0.30061
0.30352
0.30704
0.31114
0.31573
0.32069
0.32581
0.33087
0.33557
0.33958
0.34257
0.34427
0.34444
0.34301
0.33999
0.33557
0.33011
0.32415
0.31827
0.31301
0.3087
0.30546
0.30319
0.30172
0.30083
0.30033
0.30006
0.29994
0.29989
0.29987
0.29986
0.29986
0.36063
0.36283
0.37407
0.40435
0.45933
0.52863
0.58032
0.58395
0.54413
0.48937
0.44079
0.40444
0.3788
0.36092
0.34832
0.33919
0.33232
0.32693
0.32256
0.3189
0.31579
0.31312
0.31083
0.30891
0.30735
0.30616
0.30537
0.305
0.30507
0.30562
0.30667
0.30823
0.31031
0.3129
0.31597
0.31947
0.32332
0.32738
0.33148
0.3354
0.33889
0.34167
0.3435
0.34413
0.34342
0.34131
0.33786
0.33329
0.32796
0.32234
0.31694
0.31219
0.30833
0.30542
0.30338
0.30205
0.30123
0.30078
0.30055
0.30046
0.30043
0.30043
0.30044
0.30045
0.38011
0.38278
0.39624
0.43182
0.49377
0.56532
0.60751
0.59495
0.54448
0.4877
0.44127
0.40741
0.38342
0.36645
0.3543
0.34538
0.33864
0.33336
0.32911
0.32561
0.32269
0.32025
0.31824
0.3166
0.31534
0.31444
0.3139
0.31374
0.31397
0.31459
0.31562
0.31705
0.31889
0.32111
0.32369
0.32655
0.32963
0.33279
0.33589
0.33874
0.34112
0.34283
0.34365
0.34343
0.34205
0.33951
0.33588
0.33138
0.32634
0.32116
0.31625
0.31194
0.30841
0.30572
0.30379
0.30249
0.30168
0.30121
0.30099
0.30091
0.3009
0.30094
0.30097
0.30099
0.40335
0.40659
0.42277
0.46445
0.53338
0.60425
0.63239
0.6027
0.54414
0.48769
0.44424
0.41286
0.39036
0.37414
0.36232
0.35351
0.34677
0.34145
0.33715
0.3336
0.33065
0.32819
0.32617
0.32454
0.3233
0.32243
0.32191
0.32175
0.32195
0.32249
0.32337
0.32458
0.3261
0.32791
0.32995
0.33218
0.33451
0.33683
0.33901
0.3409
0.34233
0.34314
0.34317
0.34232
0.34051
0.33777
0.33417
0.32992
0.32529
0.32061
0.31617
0.31225
0.30897
0.30638
0.30445
0.30308
0.30217
0.30162
0.30133
0.30124
0.30125
0.30132
0.30139
0.30143
0.43104
0.435
0.45446
0.50308
0.57834
0.64421
0.65379
0.60766
0.54438
0.49037
0.4504
0.42142
0.40027
0.38472
0.37315
0.36437
0.35752
0.35204
0.34754
0.34376
0.34056
0.33783
0.33552
0.3336
0.33205
0.33088
0.33006
0.32959
0.32946
0.32966
0.33018
0.33098
0.33205
0.33334
0.3348
0.33638
0.33798
0.33953
0.3409
0.34199
0.34265
0.34276
0.34223
0.34097
0.33896
0.33622
0.33283
0.32897
0.32484
0.32067
0.31669
0.3131
0.31
0.30743
0.3054
0.30386
0.30274
0.302
0.30156
0.30138
0.30138
0.30148
0.30159
0.30166
0.46393
0.46879
0.49224
0.5486
0.62855
0.68352
0.67089
0.61093
0.54672
0.49677
0.46049
0.43384
0.414
0.39911
0.38779
0.37901
0.37202
0.36631
0.3615
0.35736
0.35373
0.35053
0.3477
0.34522
0.34308
0.34127
0.33979
0.33865
0.33784
0.33734
0.33716
0.33725
0.3376
0.33816
0.33887
0.33969
0.34053
0.34132
0.34195
0.34234
0.34237
0.34197
0.34106
0.33959
0.33754
0.33496
0.33191
0.32851
0.32491
0.32126
0.31772
0.31442
0.31145
0.30887
0.30668
0.30488
0.30344
0.30236
0.30162
0.30122
0.30112
0.30122
0.30139
0.30151
0.5029
0.5089
0.53723
0.60201
0.68343
0.72017
0.68357
0.61424
0.55271
0.50786
0.47533
0.45102
0.43257
0.41843
0.40745
0.39873
0.39163
0.38568
0.38055
0.376
0.37189
0.36812
0.36464
0.36143
0.35848
0.3558
0.35339
0.35125
0.34941
0.34785
0.34658
0.34557
0.34483
0.3443
0.34396
0.34376
0.34362
0.34349
0.34328
0.34293
0.34233
0.34144
0.3402
0.33857
0.33654
0.33414
0.33141
0.32844
0.32531
0.32213
0.31899
0.31597
0.31314
0.31053
0.30819
0.30611
0.30429
0.30272
0.30146
0.30062
0.30024
0.30027
0.30049
0.30067
0.54904
0.55656
0.59098
0.66454
0.74165
0.75201
0.69272
0.61982
0.56392
0.52465
0.49587
0.47399
0.4571
0.4439
0.4334
0.42489
0.41779
0.41171
0.40632
0.40143
0.39688
0.39258
0.38848
0.38454
0.38075
0.37713
0.37367
0.3704
0.36732
0.36445
0.3618
0.35936
0.35715
0.35515
0.35334
0.35169
0.35018
0.34875
0.34734
0.34591
0.34438
0.34272
0.34086
0.33879
0.33649
0.33397
0.33126
0.32842
0.3255
0.32258
0.31972
0.31697
0.31435
0.31188
0.30955
0.30733
0.30518
0.30306
0.30106
0.29942
0.29843
0.29819
0.29843
0.2987
0.60395
0.61357
0.65578
0.73753
0.80062
0.77738
0.70056
0.6303
0.58188
0.54819
0.52312
0.5038
0.48863
0.47654
0.46674
0.45861
0.45169
0.44562
0.44015
0.43507
0.43024
0.42559
0.42103
0.41655
0.41211
0.40773
0.40339
0.3991
0.39487
0.39072
0.38666
0.3827
0.37884
0.37511
0.3715
0.36802
0.36465
0.36138
0.35819
0.35504
0.3519
0.34873
0.3455
0.34217
0.33876
0.33526
0.33172
0.3282
0.32479
0.32157
0.31862
0.31599
0.31368
0.31163
0.30971
0.30779
0.30567
0.30319
0.30034
0.29747
0.29532
0.29443
0.29457
0.29496
0.67019
0.68291
0.73526
0.82182
0.85614
0.79622
0.71093
0.64861
0.60816
0.57967
0.55814
0.54134
0.52793
0.51704
0.50802
0.5004
0.49378
0.48788
0.48247
0.47738
0.4725
0.46773
0.46302
0.45832
0.4536
0.44885
0.44406
0.4392
0.43428
0.42929
0.42422
0.41907
0.41386
0.40858
0.40324
0.39785
0.39242
0.38696
0.38147
0.37594
0.37036
0.36472
0.35901
0.35322
0.34736
0.34149
0.33567
0.33002
0.32471
0.3199
0.31578
0.31245
0.30997
0.30824
0.30704
0.30601
0.30468
0.30248
0.29903
0.2946
0.29047
0.2882
0.28801
0.28858
0.75223
0.76977
0.83518
0.91596
0.90317
0.81175
0.72932
0.67787
0.64459
0.62051
0.602
0.58731
0.57536
0.56546
0.5571
0.5499
0.54354
0.5378
0.5325
0.52748
0.52267
0.51797
0.51335
0.50876
0.50417
0.49955
0.49487
0.49011
0.48523
0.48019
0.47497
0.46953
0.46383
0.45785
0.45157
0.44497
0.43804
0.43078
0.42319
0.41526
0.40702
0.39846
0.38959
0.38044
0.37105
0.36151
0.35191
0.34245
0.33335
0.32488
0.31735
0.31105
0.3062
0.30293
0.30115
0.30051
0.30028
0.2993
0.29623
0.2904
0.2833
0.27829
0.27721
0.27807
0.85822
0.8838
0.96383
1.0131
0.93916
0.83233
0.76251
0.72146
0.69347
0.6724
0.65573
0.64213
0.63082
0.62125
0.61302
0.60581
0.59939
0.59355
0.58815
0.58307
0.57824
0.57361
0.56913
0.56479
0.56055
0.55639
0.55228
0.54819
0.54407
0.53985
0.53549
0.5309
0.526
0.52072
0.51498
0.50869
0.5018
0.49424
0.48596
0.47694
0.46717
0.45664
0.44537
0.4334
0.42079
0.40761
0.394
0.38009
0.36612
0.35233
0.33904
0.32664
0.31555
0.30623
0.29914
0.29454
0.29226
0.29125
0.2892
0.28319
0.27258
0.26239
0.25894
0.26035
1.004
1.0441
1.1281
1.1003
0.97101
0.87171
0.81758
0.7832
0.75754
0.73706
0.7201
0.70579
0.69358
0.68307
0.67394
0.6659
0.65874
0.65225
0.6463
0.64078
0.63562
0.63079
0.62625
0.622
0.61802
0.61433
0.61089
0.60768
0.60467
0.6018
0.59899
0.59615
0.59317
0.58993
0.58629
0.58211
0.57723
0.57152
0.56485
0.55712
0.54824
0.53818
0.5269
0.51444
0.50085
0.48618
0.47052
0.45396
0.4366
0.41852
0.39986
0.38075
0.36142
0.34228
0.32391
0.30721
0.29326
0.28291
0.27558
0.26774
0.25392
0.23511
0.22499
0.22725
1.2271
1.2933
1.3187
1.1692
1.022
0.94533
0.90029
0.86639
0.8386
0.81496
0.79455
0.77686
0.76153
0.74827
0.73678
0.72675
0.71792
0.71005
0.70294
0.69648
0.69055
0.68511
0.68014
0.67564
0.67161
0.66808
0.66506
0.66254
0.66051
0.65895
0.65779
0.65695
0.65632
0.65577
0.65513
0.6542
0.65279
0.65068
0.64764
0.64349
0.63805
0.6312
0.62284
0.61295
0.60156
0.58871
0.57448
0.55893
0.54209
0.52393
0.50434
0.48311
0.45996
0.43455
0.40658
0.37595
0.34304
0.3091
0.27635
0.24649
0.21668
0.18098
0.15197
0.15391
1.6316
1.7017
1.494
1.2452
1.1251
1.0604
1.0108
0.96912
0.93318
0.90176
0.87424
0.85025
0.82949
0.81164
0.79634
0.78321
0.77186
0.76195
0.75319
0.74536
0.73831
0.73195
0.72623
0.72115
0.71673
0.71301
0.71002
0.70779
0.70635
0.70568
0.70578
0.70658
0.70801
0.70994
0.71221
0.71463
0.71696
0.71894
0.7203
0.72076
0.72007
0.71799
0.71437
0.70912
0.70221
0.69369
0.68366
0.67223
0.65952
0.64554
0.63025
0.61339
0.59452
0.57292
0.54748
0.51663
0.47813
0.42908
0.3662
0.28698
0.19047
0.075394
-0.032728
-0.047993
2.7652
2.2565
1.6299
1.3932
1.2831
1.2003
1.1319
1.0746
1.0256
0.98316
0.9464
0.91464
0.88741
0.86425
0.84465
0.82808
0.814
0.80192
0.79143
0.78219
0.77399
0.76666
0.76014
0.7544
0.74945
0.74535
0.74215
0.7399
0.73864
0.73842
0.73923
0.74106
0.74386
0.74753
0.75193
0.75689
0.76217
0.7675
0.77257
0.77707
0.78067
0.78308
0.78407
0.78349
0.78127
0.77743
0.7721
0.76548
0.7578
0.74926
0.74003
0.73014
0.71946
0.70761
0.69387
0.67697
0.65467
0.62295
0.57418
0.49277
0.34612
0.067011
-0.44708
-0.84652
6.0065
2.499
1.8156
1.5725
1.4204
1.3069
1.2179
1.1458
1.0857
1.0347
0.99093
0.95351
0.92168
0.89481
0.87224
0.85333
0.83741
0.82389
0.81227
0.80212
0.79318
0.78523
0.77818
0.772
0.76669
0.7623
0.7589
0.75654
0.7553
0.75521
0.75631
0.7586
0.76204
0.76656
0.77205
0.77833
0.78518
0.79233
0.79946
0.80624
0.81232
0.81738
0.82114
0.8234
0.82406
0.82316
0.82081
0.81725
0.8128
0.80778
0.80254
0.79735
0.79236
0.78765
0.78306
0.77823
0.77233
0.76364
0.74852
0.71827
0.64838
0.4531
-0.34002
-3.8617
