-0.082621
-0.082622
-0.082661
-0.082746
-0.082817
-0.082786
-0.082547
-0.081926
-0.080643
-0.07844
-0.075534
-0.0731
-0.07267
-0.074765
-0.078433
-0.082061
-0.084412
-0.085117
-0.08453
-0.083288
-0.08193
-0.08075
-0.079835
-0.079151
-0.078639
-0.078261
-0.078015
-0.077897
-0.077878
-0.077902
-0.077923
-0.077925
-0.08262
-0.082621
-0.082651
-0.082718
-0.082773
-0.082729
-0.082477
-0.081845
-0.08057
-0.07842
-0.07562
-0.073264
-0.072771
-0.074661
-0.078114
-0.081637
-0.084016
-0.08482
-0.084337
-0.083171
-0.081862
-0.080711
-0.079811
-0.079138
-0.078635
-0.078268
-0.07803
-0.077916
-0.077893
-0.077911
-0.077925
-0.077927
-0.08258
-0.082591
-0.082621
-0.08267
-0.082697
-0.082622
-0.082332
-0.081661
-0.080382
-0.078337
-0.075749
-0.073471
-0.072603
-0.073691
-0.076359
-0.079564
-0.082176
-0.083519
-0.083573
-0.082779
-0.081671
-0.080614
-0.079757
-0.079106
-0.078621
-0.078271
-0.078049
-0.077941
-0.077915
-0.077925
-0.07794
-0.077948
-0.082495
-0.082524
-0.082571
-0.082614
-0.082612
-0.082494
-0.082154
-0.081446
-0.080211
-0.078352
-0.075959
-0.073474
-0.071639
-0.071127
-0.072206
-0.074584
-0.077481
-0.079952
-0.081354
-0.081622
-0.081142
-0.080383
-0.079648
-0.079048
-0.07859
-0.078261
-0.078054
-0.077951
-0.077924
-0.077935
-0.077957
-0.077973
-0.082441
-0.082485
-0.082548
-0.082589
-0.082566
-0.082422
-0.082083
-0.081458
-0.080432
-0.078775
-0.076153
-0.07267
-0.06916
-0.066639
-0.065775
-0.066781
-0.069422
-0.072971
-0.076354
-0.078666
-0.079673
-0.079743
-0.079384
-0.078934
-0.078536
-0.07823
-0.078028
-0.077923
-0.077894
-0.077908
-0.077936
-0.077956
-0.082547
-0.082592
-0.082649
-0.082672
-0.082634
-0.082519
-0.082309
-0.081953
-0.081205
-0.079309
-0.075332
-0.069625
-0.063879
-0.059603
-0.057404
-0.057313
-0.059223
-0.062925
-0.067784
-0.072583
-0.076114
-0.077988
-0.078622
-0.078624
-0.078403
-0.078151
-0.077949
-0.077829
-0.077786
-0.077794
-0.07782
-0.077838
-0.08292
-0.082948
-0.082967
-0.082945
-0.082893
-0.082858
-0.082865
-0.082767
-0.081832
-0.078347
-0.071245
-0.062317
-0.054569
-0.049611
-0.047407
-0.047301
-0.048836
-0.051989
-0.056884
-0.063105
-0.069289
-0.073945
-0.076588
-0.077707
-0.077998
-0.077936
-0.077772
-0.077632
-0.07756
-0.077546
-0.077555
-0.077564
-0.083553
-0.083558
-0.083526
-0.083442
-0.083367
-0.083399
-0.083526
-0.083234
-0.080702
-0.073274
-0.061559
-0.05008
-0.042496
-0.03925
-0.038872
-0.039796
-0.041247
-0.043343
-0.046802
-0.052307
-0.059523
-0.066747
-0.072212
-0.075407
-0.076877
-0.077364
-0.077397
-0.077289
-0.077187
-0.077129
-0.077104
-0.077094
-0.084361
-0.084349
-0.084281
-0.084149
-0.084045
-0.084071
-0.083978
-0.082252
-0.075246
-0.061419
-0.046163
-0.036215
-0.033391
-0.035318
-0.038699
-0.041271
-0.042244
-0.042102
-0.042226
-0.044349
-0.0496
-0.057275
-0.065041
-0.070899
-0.074375
-0.076036
-0.076636
-0.076738
-0.076669
-0.07657
-0.076493
-0.07645
-0.085343
-0.085326
-0.085242
-0.085091
-0.084968
-0.084821
-0.083571
-0.077307
-0.061957
-0.04279
-0.030501
-0.029403
-0.036248
-0.045545
-0.053181
-0.057134
-0.056997
-0.053536
-0.048534
-0.044564
-0.044262
-0.048743
-0.056397
-0.064188
-0.070024
-0.073513
-0.075226
-0.0759
-0.07607
-0.076022
-0.075912
-0.075832
-0.086713
-0.08669
-0.086596
-0.086442
-0.086232
-0.085251
-0.079945
-0.063795
-0.040409
-0.025128
-0.026148
-0.039213
-0.056055
-0.070737
-0.080537
-0.08467
-0.083236
-0.076877
-0.066996
-0.056147
-0.047938
-0.045582
-0.049478
-0.056852
-0.064244
-0.069711
-0.073005
-0.07473
-0.075546
-0.075835
-0.075822
-0.075731
-0.088836
-0.088796
-0.088679
-0.088461
-0.087669
-0.083482
-0.067897
-0.040251
-0.020227
-0.022218
-0.041035
-0.064714
-0.085476
-0.10061
-0.10979
-0.11325
-0.11117
-0.10374
-0.091481
-0.07599
-0.060663
-0.050144
-0.047423
-0.051462
-0.05854
-0.065282
-0.070185
-0.073344
-0.075369
-0.076536
-0.076923
-0.076898
-0.092103
-0.092029
-0.091833
-0.091187
-0.088029
-0.074852
-0.044354
-0.016712
-0.016263
-0.038815
-0.06765
-0.092654
-0.1115
-0.12466
-0.13269
-0.13574
-0.13375
-0.12662
-0.11429
-0.097258
-0.07776
-0.060571
-0.050715
-0.049609
-0.054497
-0.061311
-0.067367
-0.072102
-0.075918
-0.078644
-0.079839
-0.079994
-0.096851
-0.096706
-0.096193
-0.093906
-0.084137
-0.054894
-0.017289
-0.0079826
-0.030594
-0.063353
-0.091922
-0.11385
-0.13049
-0.14262
-0.15025
-0.15315
-0.15118
-0.1443
-0.1324
-0.11539
-0.094259
-0.072914
-0.057274
-0.050925
-0.052687
-0.058582
-0.065203
-0.071498
-0.07756
-0.082361
-0.084647
-0.085062
-0.10312
-0.10281
-0.10131
-0.094677
-0.071809
-0.027113
-0.00019296
-0.01577
-0.051359
-0.084332
-0.10963
-0.12942
-0.14523
-0.15705
-0.16443
-0.16703
-0.16475
-0.15766
-0.14582
-0.129
-0.1074
-0.083887
-0.06438
-0.053861
-0.05264
-0.057252
-0.064101
-0.071976
-0.080485
-0.087378
-0.090674
-0.091333
-0.11037
-0.10969
-0.10589
-0.090834
-0.050141
-0.0013936
0.0032436
-0.030852
-0.069807
-0.099627
-0.12219
-0.14082
-0.1562
-0.16771
-0.17475
-0.17697
-0.17431
-0.16686
-0.15479
-0.13794
-0.11619
-0.091665
-0.070001
-0.056835
-0.053493
-0.05708
-0.064239
-0.073821
-0.084567
-0.092926
-0.096767
-0.097558
-0.11727
-0.11588
-0.10792
-0.080293
-0.023076
0.016435
-0.0021104
-0.046269
-0.083541
-0.10965
-0.13029
-0.14829
-0.1633
-0.17436
-0.18089
-0.18265
-0.17957
-0.17175
-0.15936
-0.1423
-0.12041
-0.095545
-0.073086
-0.058836
-0.054558
-0.057804
-0.065715
-0.077089
-0.089331
-0.098049
-0.1018
-0.10258
-0.12216
-0.11968
-0.1056
-0.062644
0.0047363
0.026435
-0.011182
-0.058859
-0.092329
-0.1153
-0.13465
-0.15201
-0.16638
-0.17675
-0.18264
-0.18388
-0.18039
-0.17224
-0.15954
-0.1422
-0.1202
-0.095505
-0.073416
-0.059539
-0.05557
-0.059373
-0.068615
-0.081549
-0.094052
-0.10195
-0.10509
-0.10575
-0.12377
-0.11979
-0.097938
-0.038717
0.030755
0.030578
-0.020702
-0.067742
-0.097025
-0.11742
-0.1355
-0.15189
-0.16531
-0.17481
-0.17998
-0.18066
-0.17678
-0.16834
-0.15539
-0.13781
-0.11588
-0.091981
-0.071388
-0.059202
-0.056699
-0.061972
-0.072928
-0.086624
-0.097984
-0.10425
-0.10655
-0.10703
-0.12137
-0.11552
-0.08449
-0.0092977
0.053932
0.030753
-0.02911
-0.073171
-0.098427
-0.11647
-0.13299
-0.14799
-0.16016
-0.16863
-0.173
-0.17311
-0.16886
-0.16019
-0.14705
-0.12943
-0.10805
-0.085822
-0.067872
-0.058507
-0.058426
-0.065853
-0.078327
-0.091485
-0.10063
-0.10502
-0.10652
-0.10684
-0.11475
-0.10656
-0.064725
0.025237
0.073608
0.028204
-0.035777
-0.075601
-0.097188
-0.11289
-0.12738
-0.14049
-0.15108
-0.15834
-0.16185
-0.16139
-0.15681
-0.14799
-0.13488
-0.11771
-0.097748
-0.07829
-0.064051
-0.058341
-0.061293
-0.070995
-0.084042
-0.095346
-0.10192
-0.10469
-0.10558
-0.10579
-0.10371
-0.092437
-0.037268
0.064418
0.088917
0.023811
-0.040386
-0.075479
-0.093823
-0.10708
-0.11908
-0.12984
-0.13849
-0.14431
-0.14684
-0.14579
-0.14097
-0.13225
-0.11969
-0.10386
-0.086479
-0.07092
-0.061156
-0.059477
-0.065493
-0.076797
-0.089065
-0.097805
-0.10213
-0.10377
-0.10427
-0.10439
-0.087526
-0.071895
0.000557
0.10668
0.098839
0.01859
-0.042522
-0.073002
-0.088647
-0.099526
-0.10883
-0.1169
-0.12329
-0.12742
-0.12885
-0.12727
-0.12245
-0.11433
-0.10315
-0.089767
-0.076109
-0.065204
-0.060102
-0.062179
-0.07053
-0.082178
-0.092636
-0.098947
-0.1017
-0.10265
-0.10292
-0.10299
-0.064557
-0.042586
0.052037
0.14848
0.10301
0.014348
-0.041334
-0.067946
-0.081653
-0.090594
-0.097486
-0.10301
-0.10711
-0.10949
-0.10983
-0.10786
-0.10342
-0.09654
-0.087597
-0.07757
-0.06825
-0.062048
-0.061056
-0.065904
-0.075299
-0.086102
-0.094535
-0.099119
-0.10097
-0.10156
-0.1017
-0.10173
-0.032127
-0.0010621
0.1188
0.18474
0.10316
0.014149
-0.035193
-0.059201
-0.071976
-0.079936
-0.085444
-0.089324
-0.091806
-0.092878
-0.092445
-0.09041
-0.086746
-0.081587
-0.075367
-0.068972
-0.063806
-0.061541
-0.063433
-0.069597
-0.07869
-0.088024
-0.094888
-0.098607
-0.10015
-0.1006
-0.10065
-0.10062
0.013858
0.057892
0.19834
0.21153
0.10426
0.022424
-0.021073
-0.043817
-0.056747
-0.065024
-0.07077
-0.074793
-0.077366
-0.078577
-0.078473
-0.077128
-0.074685
-0.071411
-0.067766
-0.064472
-0.062495
-0.062837
-0.066123
-0.07222
-0.08008
-0.087858
-0.093806
-0.097448
-0.099278
-0.099942
-0.099974
-0.099845
0.080073
0.14344
0.28326
0.22944
0.11435
0.044973
0.0065847
-0.015446
-0.029161
-0.038747
-0.046165
-0.052203
-0.057094
-0.060851
-0.063444
-0.06489
-0.065298
-0.064905
-0.064107
-0.063456
-0.063611
-0.06517
-0.068464
-0.073399
-0.079439
-0.08567
-0.091136
-0.095341
-0.098218
-0.099864
-0.1003
-0.10005
0.17657
0.26857
0.36195
0.2458
0.14352
0.08903
0.05641
0.036048
0.022124
0.011424
0.0022207
-0.0062729
-0.014329
-0.021972
-0.029119
-0.035666
-0.04153
-0.046686
-0.05121
-0.055311
-0.059316
-0.063579
-0.068331
-0.07355
-0.078914
-0.083907
-0.088239
-0.092204
-0.096405
-0.10059
-0.10303
-0.10294
0.31553
0.43776
0.4237
0.27736
0.20253
0.16194
0.13637
0.11903
0.10626
0.095723
0.086167
0.076893
0.067571
0.058005
0.048063
0.037631
0.026622
0.014997
0.0027594
-0.010069
-0.023481
-0.037458
-0.05184
-0.066095
-0.07909
-0.089143
-0.094775
-0.096219
-0.096739
-0.10193
-0.11066
-0.11251
0.52638
0.63258
0.48029
0.35361
0.30163
0.26847
0.24615
0.22983
0.21718
0.20661
0.19726
0.18872
0.18078
0.17327
0.16589
0.15821
0.14958
0.13926
0.12648
0.11056
0.091057
0.067876
0.041288
0.011972
-0.018942
-0.049704
-0.077671
-0.099117
-0.11052
-0.11521
-0.12647
-0.13941
0.9913
0.831
0.59946
0.51099
0.45024
0.40683
0.37363
0.34948
0.33124
0.31697
0.30527
0.29564
0.28802
0.28252
0.2792
0.27785
0.27788
0.2783
0.27763
0.27418
0.26628
0.25275
0.23317
0.2078
0.17701
0.14041
0.095974
0.040189
-0.029832
-0.1123
-0.20345
-0.26262
1.909
1.0385
0.85366
0.71209
0.6092
0.53352
0.47753
0.43801
0.41008
0.38971
0.37405
0.36179
0.35261
0.34676
0.34458
0.34629
0.35173
0.36019
0.37035
0.38024
0.38758
0.39029
0.38722
0.37853
0.36553
0.34993
0.33245
0.31124
0.27815
0.19989
-0.062133
-0.94701
