-1.9419
-1.9421
-1.9421
-1.9406
-1.9357
-1.936
-1.945
-1.9543
-1.9573
-1.9553
-1.9528
-1.9511
-1.9502
-1.9498
-1.9498
-1.9498
-1.9418
-1.9419
-1.9418
-1.9403
-1.9359
-1.9344
-1.9396
-1.9482
-1.9538
-1.9542
-1.9525
-1.9511
-1.9502
-1.9498
-1.9498
-1.9498
-1.9419
-1.942
-1.9418
-1.941
-1.9355
-1.9297
-1.9286
-1.9318
-1.9392
-1.9471
-1.9508
-1.9508
-1.9502
-1.9498
-1.9497
-1.9498
-1.9436
-1.9434
-1.9433
-1.9416
-1.9299
-1.9217
-1.9213
-1.9229
-1.9252
-1.9318
-1.9421
-1.9484
-1.9497
-1.9495
-1.9493
-1.9494
-1.9466
-1.9462
-1.9459
-1.9337
-1.9162
-1.9164
-1.9251
-1.9305
-1.9287
-1.9244
-1.9289
-1.9396
-1.9465
-1.9483
-1.9483
-1.9482
-1.9505
-1.9502
-1.9422
-1.9126
-1.9095
-1.9315
-1.953
-1.9625
-1.9571
-1.9403
-1.9275
-1.93
-1.939
-1.9446
-1.9466
-1.947
-1.9625
-1.9611
-1.9231
-1.8972
-1.9277
-1.9654
-1.9909
-2.0005
-1.9937
-1.9707
-1.943
-1.9313
-1.9351
-1.9422
-1.9489
-1.9518
-1.9777
-1.9661
-1.8923
-1.9025
-1.954
-1.9899
-2.0127
-2.0215
-2.0153
-1.9922
-1.958
-1.9365
-1.9348
-1.9427
-1.9553
-1.9609
-1.9839
-1.9443
-1.8645
-1.9163
-1.9696
-2.0003
-2.0218
-2.0297
-2.0227
-1.9995
-1.9641
-1.9397
-1.9362
-1.9468
-1.9629
-1.9684
-1.9803
-1.8996
-1.8479
-1.9286
-1.9748
-1.9996
-2.0185
-2.0246
-2.0163
-1.9929
-1.9599
-1.939
-1.9388
-1.9532
-1.9675
-1.9707
-1.9647
-1.8392
-1.8395
-1.9355
-1.9711
-1.9889
-2.0022
-2.0054
-1.9964
-1.9751
-1.9492
-1.937
-1.9436
-1.9596
-1.9682
-1.9696
-1.9342
-1.7689
-1.8366
-1.9351
-1.9605
-1.9718
-1.9784
-1.9784
-1.9706
-1.9558
-1.9413
-1.9393
-1.9501
-1.9626
-1.9668
-1.9672
-1.8709
-1.694
-1.8313
-1.9226
-1.9443
-1.9534
-1.9571
-1.9562
-1.9511
-1.9435
-1.9383
-1.9418
-1.9526
-1.964
-1.9662
-1.9665
-1.71
-1.616
-1.797
-1.8697
-1.8969
-1.9114
-1.923
-1.9313
-1.9366
-1.9389
-1.9402
-1.9437
-1.9483
-1.9542
-1.9591
-1.9609
-1.4048
-1.5292
-1.6669
-1.7113
-1.735
-1.7531
-1.77
-1.7892
-1.8107
-1.8376
-1.8697
-1.907
-1.9425
-1.9627
-1.9618
-1.9447
-1.0581
-1.3161
-1.4206
-1.4956
-1.5263
-1.5474
-1.5591
-1.5639
-1.5623
-1.5613
-1.5708
-1.5995
-1.65
-1.7306
-1.8578
-2.0762
