1.043
1.043
1.043
1.0429
1.0429
1.0428
1.0428
1.0428
1.0428
1.043
1.0432
1.0437
1.0444
1.0454
1.0468
1.0485
1.0503
1.0518
1.0526
1.0525
1.0514
1.0496
1.0475
1.0455
1.044
1.0432
1.043
1.0434
1.0441
1.045
1.0459
1.0467
1.0475
1.0481
1.0486
1.049
1.0494
1.0497
1.0499
1.0501
1.0502
1.0502
1.0503
1.0503
1.0502
1.0502
1.0502
1.0502
1.043
1.043
1.043
1.0429
1.0429
1.0428
1.0428
1.0428
1.0429
1.043
1.0433
1.0437
1.0444
1.0454
1.0468
1.0485
1.0502
1.0517
1.0525
1.0525
1.0514
1.0497
1.0476
1.0456
1.0441
1.0433
1.0431
1.0434
1.0441
1.045
1.0459
1.0468
1.0475
1.0481
1.0486
1.0491
1.0494
1.0497
1.0499
1.0501
1.0502
1.0502
1.0503
1.0502
1.0502
1.0502
1.0502
1.0502
1.043
1.043
1.043
1.0429
1.0429
1.0429
1.0428
1.0428
1.0429
1.043
1.0433
1.0438
1.0445
1.0455
1.0468
1.0484
1.0501
1.0516
1.0524
1.0524
1.0515
1.0499
1.0479
1.046
1.0445
1.0437
1.0434
1.0437
1.0443
1.0451
1.046
1.0468
1.0475
1.0481
1.0486
1.0491
1.0494
1.0497
1.0499
1.0501
1.0502
1.0502
1.0502
1.0502
1.0502
1.0502
1.0502
1.0502
1.043
1.043
1.043
1.043
1.0429
1.0429
1.0429
1.0429
1.043
1.0431
1.0434
1.0439
1.0446
1.0456
1.0469
1.0484
1.05
1.0514
1.0523
1.0525
1.0519
1.0507
1.0489
1.0472
1.0456
1.0446
1.0441
1.0442
1.0446
1.0453
1.0461
1.0469
1.0476
1.0482
1.0487
1.0491
1.0494
1.0497
1.0499
1.0501
1.0502
1.0502
1.0502
1.0502
1.0502
1.0502
1.0502
1.0502
1.043
1.043
1.043
1.043
1.043
1.0429
1.0429
1.0429
1.043
1.0432
1.0435
1.044
1.0447
1.0457
1.0469
1.0483
1.0499
1.0513
1.0524
1.053
1.0529
1.0522
1.051
1.0494
1.0479
1.0466
1.0457
1.0453
1.0454
1.0458
1.0464
1.0471
1.0477
1.0482
1.0487
1.0491
1.0494
1.0497
1.0499
1.05
1.0501
1.0502
1.0502
1.0502
1.0502
1.0502
1.0502
1.0502
1.0431
1.0431
1.043
1.043
1.043
1.043
1.043
1.043
1.0431
1.0433
1.0436
1.0441
1.0448
1.0457
1.0468
1.0482
1.0497
1.0513
1.0528
1.054
1.0547
1.0548
1.0542
1.053
1.0515
1.0499
1.0485
1.0474
1.0469
1.0467
1.047
1.0474
1.0479
1.0484
1.0488
1.0492
1.0495
1.0497
1.0499
1.0501
1.0501
1.0502
1.0502
1.0502
1.0502
1.0502
1.0502
1.0502
1.0431
1.0431
1.0431
1.043
1.043
1.043
1.043
1.043
1.0431
1.0433
1.0436
1.0441
1.0447
1.0455
1.0466
1.048
1.0497
1.0516
1.0538
1.0558
1.0574
1.0584
1.0586
1.058
1.0567
1.0548
1.0528
1.051
1.0495
1.0485
1.0481
1.048
1.0482
1.0486
1.0489
1.0492
1.0495
1.0497
1.0499
1.0501
1.0502
1.0502
1.0502
1.0502
1.0502
1.0502
1.0502
1.0502
1.0431
1.0431
1.043
1.043
1.043
1.043
1.043
1.043
1.0431
1.0433
1.0436
1.0439
1.0444
1.0451
1.0462
1.0478
1.05
1.0528
1.0559
1.0589
1.0615
1.0633
1.0642
1.0641
1.0631
1.0613
1.0588
1.0562
1.0536
1.0516
1.0501
1.0493
1.049
1.049
1.0491
1.0494
1.0496
1.0498
1.05
1.0501
1.0502
1.0503
1.0503
1.0503
1.0503
1.0503
1.0502
1.0502
1.043
1.043
1.043
1.0429
1.0429
1.0429
1.0429
1.043
1.043
1.0432
1.0433
1.0436
1.044
1.0447
1.046
1.0481
1.0513
1.0554
1.0598
1.064
1.0674
1.0698
1.0712
1.0714
1.0706
1.0688
1.0662
1.063
1.0595
1.0563
1.0536
1.0516
1.0504
1.0498
1.0496
1.0496
1.0497
1.0499
1.05
1.0502
1.0503
1.0504
1.0504
1.0504
1.0504
1.0504
1.0504
1.0503
1.0428
1.0428
1.0428
1.0427
1.0427
1.0427
1.0428
1.0428
1.0428
1.0429
1.0429
1.0431
1.0435
1.0444
1.0464
1.0497
1.0545
1.0603
1.0661
1.0713
1.0753
1.078
1.0793
1.0795
1.0787
1.0769
1.0743
1.0709
1.0669
1.0626
1.0587
1.0554
1.0529
1.0514
1.0506
1.0502
1.05
1.0501
1.0502
1.0503
1.0504
1.0505
1.0505
1.0506
1.0506
1.0505
1.0505
1.0505
1.0425
1.0425
1.0425
1.0425
1.0425
1.0425
1.0425
1.0426
1.0426
1.0425
1.0425
1.0427
1.0433
1.045
1.0483
1.0535
1.0605
1.0681
1.0752
1.0808
1.0846
1.0867
1.0875
1.0873
1.0863
1.0846
1.0822
1.079
1.0749
1.0703
1.0653
1.0607
1.0569
1.0541
1.0523
1.0512
1.0507
1.0505
1.0504
1.0505
1.0506
1.0507
1.0508
1.0508
1.0508
1.0508
1.0508
1.0508
1.0421
1.0421
1.0421
1.0421
1.0421
1.0422
1.0422
1.0422
1.0422
1.0421
1.0422
1.0426
1.0439
1.047
1.0525
1.0604
1.0698
1.0788
1.0859
1.0907
1.0931
1.0938
1.0934
1.0926
1.0914
1.09
1.0882
1.0858
1.0824
1.078
1.0729
1.0675
1.0624
1.0582
1.0551
1.0531
1.0519
1.0512
1.0509
1.0509
1.0509
1.051
1.051
1.0511
1.0511
1.0512
1.0512
1.0512
1.0416
1.0416
1.0416
1.0416
1.0417
1.0417
1.0418
1.0418
1.0418
1.0418
1.0421
1.0431
1.0459
1.0515
1.0602
1.0712
1.0821
1.0907
1.096
1.0979
1.0974
1.0957
1.0938
1.0922
1.0911
1.0905
1.09
1.0891
1.0874
1.0844
1.0801
1.0748
1.069
1.0636
1.0592
1.056
1.0538
1.0525
1.0517
1.0514
1.0513
1.0513
1.0514
1.0514
1.0515
1.0516
1.0516
1.0516
1.041
1.041
1.041
1.0411
1.0411
1.0412
1.0413
1.0413
1.0414
1.0416
1.0425
1.045
1.0504
1.0598
1.0723
1.0852
1.0952
1.1005
1.1011
1.0983
1.094
1.0895
1.086
1.0838
1.0831
1.0838
1.0852
1.0868
1.0878
1.0874
1.0852
1.0812
1.0758
1.07
1.0645
1.06
1.0566
1.0544
1.053
1.0523
1.0519
1.0518
1.0518
1.0518
1.0519
1.052
1.052
1.0521
1.0403
1.0403
1.0404
1.0404
1.0405
1.0406
1.0407
1.0407
1.0409
1.0417
1.044
1.0493
1.059
1.073
1.0879
1.0993
1.1044
1.1031
1.0972
1.0892
1.0812
1.0746
1.07
1.0677
1.0677
1.0697
1.0733
1.0777
1.082
1.0852
1.0863
1.085
1.0814
1.0761
1.0703
1.0648
1.0604
1.0571
1.0549
1.0535
1.0528
1.0523
1.0522
1.0521
1.0522
1.0523
1.0523
1.0524
1.0395
1.0395
1.0395
1.0396
1.0396
1.0397
1.0398
1.0401
1.0407
1.0428
1.0478
1.0578
1.073
1.09
1.103
1.1079
1.1045
1.0951
1.0832
1.0715
1.0615
1.0539
1.0491
1.0471
1.0477
1.0508
1.056
1.0628
1.0702
1.0771
1.0824
1.0849
1.0843
1.0809
1.0758
1.0701
1.0648
1.0605
1.0574
1.0552
1.0539
1.053
1.0525
1.0523
1.0522
1.0523
1.0524
1.0524
1.0383
1.0384
1.0384
1.0384
1.0385
1.0386
1.0389
1.0394
1.0412
1.0459
1.0558
1.072
1.0911
1.1061
1.1113
1.1059
1.0933
1.0778
1.0627
1.0498
1.0397
1.0324
1.028
1.0264
1.0273
1.0309
1.0369
1.0449
1.0545
1.0645
1.0736
1.0803
1.0836
1.0832
1.0799
1.0748
1.0693
1.0642
1.0602
1.0573
1.0552
1.0538
1.0528
1.0522
1.0519
1.0518
1.0518
1.0519
1.0368
1.0368
1.0369
1.0369
1.037
1.0372
1.0378
1.0393
1.0436
1.053
1.0697
1.0909
1.1086
1.1148
1.1082
1.0929
1.0743
1.0565
1.0413
1.0292
1.0199
1.0134
1.0094
1.008
1.0091
1.0126
1.0187
1.0271
1.0376
1.0495
1.0614
1.0719
1.0792
1.0825
1.0819
1.0783
1.0732
1.0679
1.0632
1.0595
1.0567
1.0545
1.0529
1.0517
1.0509
1.0506
1.0506
1.0506
1.0348
1.0348
1.0348
1.0349
1.0351
1.0356
1.0369
1.0406
1.0493
1.0658
1.0888
1.1097
1.1185
1.1119
1.0947
1.0736
1.0536
1.0366
1.0227
1.0118
1.0034
0.99741
0.99376
0.99244
0.99347
0.99689
1.0027
1.011
1.0217
1.0343
1.048
1.0612
1.0721
1.0791
1.0816
1.0802
1.0762
1.0712
1.0661
1.0617
1.0582
1.0552
1.0527
1.0507
1.0493
1.0485
1.0483
1.0484
1.0321
1.0321
1.0322
1.0324
1.0328
1.0339
1.037
1.0446
1.0601
1.0841
1.1089
1.1219
1.1172
1.0992
1.0762
1.0541
1.0353
1.0199
1.0075
0.99739
0.98951
0.98381
0.98031
0.97908
0.98013
0.9835
0.98921
0.9973
1.0078
1.0206
1.0351
1.05
1.0636
1.0737
1.0794
1.0805
1.078
1.0736
1.0685
1.0637
1.0595
1.0556
1.0521
1.049
1.0468
1.0456
1.0452
1.0452
1.0287
1.0288
1.0289
1.0292
1.0302
1.0327
1.039
1.0529
1.0765
1.1049
1.1241
1.1239
1.1067
1.0822
1.0579
1.0373
1.0204
1.0065
0.99487
0.98523
0.97758
0.97202
0.96865
0.96753
0.96868
0.97212
0.97782
0.98582
0.99615
1.0088
1.0236
1.0395
1.0549
1.0676
1.076
1.0794
1.0787
1.0752
1.0703
1.0653
1.0604
1.0556
1.0509
1.0467
1.0436
1.0418
1.0412
1.0412
1.0246
1.0247
1.025
1.0257
1.0276
1.0327
1.0443
1.0662
1.0967
1.1232
1.1307
1.117
1.0918
1.0653
1.0424
1.0239
1.0086
0.99557
0.98433
0.97488
0.96735
0.9619
0.95866
0.95769
0.95901
0.96259
0.96841
0.97644
0.98672
0.99933
1.0142
1.0306
1.0471
1.0616
1.0721
1.0776
1.0785
1.076
1.0715
1.0663
1.0609
1.0551
1.0492
1.0438
1.0398
1.0376
1.0368
1.0367
1.02
1.0201
1.0206
1.022
1.0257
1.0349
1.0536
1.0838
1.117
1.1353
1.1291
1.1053
1.0765
1.0509
1.0303
1.0135
0.99925
0.98663
0.97557
0.96622
0.9588
0.95351
0.95044
0.94966
0.95117
0.95495
0.96094
0.96909
0.97942
0.99201
1.0069
1.0235
1.0407
1.0564
1.0685
1.0756
1.0778
1.0761
1.0721
1.0668
1.0607
1.054
1.0469
1.0405
1.0358
1.0332
1.0322
1.0321
1.0151
1.0153
1.0161
1.0186
1.0253
1.0401
1.0671
1.1038
1.1342
1.1405
1.122
1.0921
1.0631
1.0396
1.0211
1.0056
0.99188
0.97948
0.96853
0.95932
0.95209
0.947
0.94415
0.94357
0.94529
0.94927
0.95545
0.96377
0.97421
0.98686
1.0017
1.0185
1.0361
1.0525
1.0656
1.0738
1.0769
1.0758
1.0721
1.0666
1.0599
1.0521
1.044
1.0369
1.0318
1.029
1.028
1.0278
1.0104
1.0107
1.012
1.0162
1.0268
1.0486
1.0839
1.1237
1.1466
1.14
1.1123
1.0799
1.0523
1.0312
1.0143
0.99971
0.98631
0.97408
0.9633
0.95432
0.94734
0.9425
0.93989
0.93954
0.94146
0.94563
0.95199
0.96048
0.97107
0.98382
0.99878
1.0157
1.0334
1.0501
1.0636
1.0724
1.076
1.0753
1.0716
1.0658
1.0583
1.0496
1.0408
1.0333
1.0281
1.0254
1.0245
1.0243
1.0063
1.0068
1.0089
1.0154
1.031
1.0605
1.1029
1.1419
1.1543
1.1359
1.1022
1.0695
1.0442
1.0252
1.0097
0.9956
0.98247
0.97046
0.95996
0.95127
0.94461
0.94006
0.93772
0.9376
0.93973
0.94408
0.9506
0.95924
0.96998
0.98286
0.99792
1.0148
1.0326
1.0493
1.0628
1.0716
1.0752
1.0745
1.0706
1.0643
1.056
1.0465
1.0373
1.0299
1.0251
1.0226
1.0217
1.0215
1.0035
1.0041
1.0071
1.0165
1.0379
1.0754
1.1228
1.1575
1.1581
1.1298
1.0928
1.0614
1.0385
1.0213
1.0067
0.99316
0.98036
0.96869
0.95855
0.95024
0.94392
0.93971
0.93765
0.93777
0.9401
0.94462
0.95128
0.96006
0.97093
0.98395
0.9991
1.016
1.0336
1.0499
1.063
1.0713
1.0746
1.0735
1.0691
1.0621
1.053
1.0431
1.034
1.0271
1.0228
1.0207
1.02
1.0198
1.0021
1.003
1.0072
1.02
1.0477
1.0928
1.143
1.1703
1.1589
1.123
1.0848
1.0555
1.0348
1.0191
1.0054
0.99233
0.97998
0.96876
0.95908
0.9512
0.94529
0.94143
0.93966
0.94004
0.94256
0.94722
0.95401
0.96289
0.97389
0.98702
1.0022
1.019
1.0361
1.0518
1.064
1.0714
1.0739
1.0722
1.067
1.0591
1.0494
1.0394
1.0309
1.0249
1.0214
1.0197
1.0191
1.0189
1.0026
1.0037
1.0094
1.026
1.0604
1.1124
1.1629
1.1804
1.1576
1.1163
1.0784
1.0514
1.0328
1.0185
1.0055
0.99307
0.98131
0.97067
0.96153
0.95415
0.94868
0.94519
0.94373
0.94434
0.94705
0.95184
0.95873
0.96771
0.9788
0.992
1.0071
1.0236
1.04
1.0546
1.0655
1.0717
1.0731
1.0704
1.0642
1.0555
1.0455
1.0359
1.0284
1.0234
1.0207
1.0194
1.0189
1.0188
1.0051
1.0065
1.0137
1.0346
1.076
1.1341
1.182
1.188
1.1548
1.1101
1.0736
1.049
1.0322
1.0191
1.007
0.99533
0.98432
0.97438
0.96587
0.95905
0.95404
0.95094
0.9498
0.95065
0.95352
0.95843
0.96539
0.97444
0.98557
0.99874
1.0136
1.0295
1.0448
1.058
1.0673
1.0719
1.072
1.068
1.0608
1.0514
1.0415
1.0328
1.0266
1.0227
1.0206
1.0197
1.0193
1.0192
1.0096
1.0113
1.0203
1.0459
1.0948
1.1577
1.2001
1.1932
1.151
1.1047
1.0702
1.0479
1.0328
1.0208
1.0097
0.99901
0.98892
0.97981
0.97203
0.96583
0.96133
0.95864
0.95781
0.95889
0.96191
0.96691
0.97393
0.98298
0.99405
1.007
1.0214
1.0362
1.0502
1.0615
1.0689
1.0717
1.0702
1.0649
1.0567
1.0471
1.0378
1.0304
1.0254
1.0225
1.021
1.0203
1.0201
1.02
1.0161
1.0182
1.0294
1.0603
1.1169
1.1831
1.2167
1.1961
1.1467
1.1002
1.0681
1.048
1.0345
1.0236
1.0136
1.004
0.99497
0.98684
0.9799
0.97438
0.97044
0.96818
0.96767
0.96897
0.97213
0.97719
0.98419
0.99314
1.004
1.0164
1.0299
1.0434
1.0555
1.0647
1.07
1.0709
1.0678
1.0612
1.0524
1.0429
1.0346
1.0286
1.0248
1.0227
1.0217
1.0212
1.021
1.021
1.0247
1.0273
1.041
1.0783
1.1429
1.21
1.2311
1.1967
1.1422
1.0969
1.0674
1.0492
1.037
1.0272
1.0184
1.0101
1.0023
0.99525
0.98927
0.98453
0.98121
0.97942
0.97924
0.98075
0.984
0.98905
0.99592
1.0046
1.0149
1.0265
1.0386
1.0504
1.0603
1.0672
1.0703
1.0693
1.0646
1.0571
1.048
1.0393
1.0322
1.0274
1.0246
1.0232
1.0225
1.0222
1.0221
1.022
1.0356
1.0389
1.0558
1.1004
1.1733
1.2376
1.2427
1.1952
1.1379
1.0948
1.0679
1.0514
1.0403
1.0317
1.0241
1.0171
1.0106
1.0047
0.99981
0.99595
0.99331
0.99202
0.99219
0.99388
0.99716
1.0021
1.0086
1.0167
1.0262
1.0365
1.0469
1.0565
1.0641
1.0687
1.0696
1.0669
1.061
1.0529
1.0441
1.0363
1.0306
1.0269
1.0248
1.0238
1.0233
1.0231
1.023
1.023
1.0494
1.0534
1.0743
1.1277
1.2083
1.2648
1.2508
1.1923
1.1345
1.0943
1.0698
1.0547
1.0446
1.0369
1.0304
1.0246
1.0194
1.0149
1.011
1.0081
1.0062
1.0055
1.006
1.0078
1.011
1.0156
1.0216
1.0288
1.0371
1.0457
1.0542
1.0615
1.0667
1.0691
1.0681
1.064
1.0573
1.0491
1.041
1.0343
1.0296
1.0267
1.0252
1.0245
1.0241
1.024
1.024
1.0239
1.0666
1.0717
1.0977
1.1614
1.2477
1.2897
1.2552
1.1889
1.1327
1.0957
1.0732
1.0592
1.0498
1.0428
1.0373
1.0326
1.0286
1.0251
1.0224
1.0204
1.0192
1.0189
1.0197
1.0216
1.0246
1.0287
1.034
1.0401
1.0468
1.0536
1.0599
1.065
1.068
1.0684
1.066
1.0609
1.0539
1.0461
1.0388
1.0331
1.0292
1.0269
1.0257
1.0251
1.0249
1.0248
1.0248
1.0248
1.0882
1.0948
1.1274
1.2027
1.2903
1.3108
1.2565
1.1863
1.1334
1.0996
1.0787
1.0655
1.0565
1.05
1.045
1.041
1.0377
1.0352
1.0332
1.032
1.0314
1.0316
1.0325
1.0343
1.037
1.0405
1.0448
1.0496
1.0547
1.0596
1.0639
1.0668
1.068
1.0669
1.0635
1.0581
1.0512
1.0441
1.0377
1.0327
1.0293
1.0273
1.0262
1.0258
1.0256
1.0256
1.0256
1.0256
1.1157
1.1242
1.165
1.2524
1.3338
1.3266
1.2561
1.1863
1.1378
1.1069
1.0872
1.0743
1.0655
1.059
1.0542
1.0504
1.0474
1.0452
1.0436
1.0426
1.0423
1.0426
1.0436
1.0452
1.0474
1.0502
1.0534
1.0569
1.0604
1.0636
1.066
1.0673
1.067
1.065
1.0611
1.0558
1.0495
1.0431
1.0375
1.033
1.0299
1.028
1.0268
1.0263
1.0261
1.0261
1.0262
1.0262
1.1506
1.1616
1.2124
1.3108
1.3751
1.337
1.2566
1.1909
1.1472
1.1187
1.1
1.0873
1.0783
1.0716
1.0664
1.0623
1.059
1.0564
1.0544
1.0531
1.0524
1.0524
1.0529
1.0539
1.0554
1.0573
1.0595
1.0617
1.0639
1.0656
1.0666
1.0667
1.0655
1.063
1.0591
1.0542
1.0488
1.0433
1.0383
1.0342
1.0311
1.0289
1.0275
1.0267
1.0264
1.0264
1.0266
1.0267
1.1945
1.2089
1.2718
1.3767
1.4109
1.3437
1.2609
1.2021
1.1633
1.1372
1.1192
1.1066
1.0974
1.0902
1.0844
1.0795
1.0753
1.0718
1.0688
1.0663
1.0645
1.0632
1.0624
1.0622
1.0625
1.0631
1.0639
1.0648
1.0657
1.0662
1.0662
1.0654
1.0638
1.0612
1.0577
1.0535
1.049
1.0443
1.04
1.0361
1.0329
1.0303
1.0284
1.027
1.0263
1.0261
1.0263
1.0265
1.2498
1.2686
1.3459
1.447
1.4388
1.35
1.2725
1.2221
1.1882
1.1646
1.1478
1.1354
1.126
1.1184
1.1119
1.1061
1.1009
1.0961
1.0916
1.0875
1.0838
1.0806
1.0778
1.0754
1.0735
1.072
1.0708
1.0698
1.0689
1.0679
1.0666
1.065
1.0629
1.0602
1.057
1.0535
1.0496
1.0457
1.0419
1.0383
1.035
1.0321
1.0295
1.0272
1.0255
1.0247
1.0247
1.025
1.3194
1.3448
1.4382
1.5163
1.4587
1.3612
1.2949
1.2532
1.2244
1.2037
1.1884
1.1768
1.1675
1.1597
1.1528
1.1465
1.1404
1.1345
1.1288
1.1231
1.1176
1.1123
1.1071
1.1021
1.0974
1.0929
1.0887
1.0847
1.0809
1.0772
1.0735
1.0698
1.0659
1.0618
1.0576
1.0533
1.0491
1.0451
1.0416
1.0386
1.0359
1.0333
1.0305
1.0272
1.0237
1.0213
1.0208
1.0212
1.4085
1.4439
1.5513
1.577
1.4752
1.384
1.3315
1.2978
1.274
1.2564
1.243
1.2324
1.2236
1.2161
1.2092
1.2028
1.1965
1.1902
1.1839
1.1776
1.1711
1.1645
1.1577
1.1508
1.1437
1.1364
1.1289
1.1213
1.1136
1.1058
1.0978
1.0897
1.0815
1.0731
1.0646
1.0565
1.0489
1.0423
1.0372
1.0338
1.0319
1.0309
1.0294
1.0263
1.0208
1.0151
1.0127
1.0132
1.5278
1.5803
1.6814
1.6236
1.4998
1.4267
1.3861
1.3587
1.3387
1.3233
1.3112
1.3014
1.293
1.2856
1.2789
1.2725
1.2664
1.2605
1.2546
1.2487
1.2427
1.2366
1.2302
1.2234
1.2161
1.2082
1.1995
1.1899
1.1795
1.1682
1.1559
1.1427
1.1287
1.1139
1.0986
1.0831
1.068
1.0538
1.0415
1.0318
1.0254
1.0225
1.0221
1.0211
1.0153
1.0046
0.99733
0.9976
1.7038
1.7832
1.8118
1.6645
1.5526
1.4985
1.464
1.4388
1.4191
1.4034
1.3905
1.3798
1.3707
1.3626
1.3554
1.3487
1.3426
1.3369
1.3316
1.3268
1.3222
1.3179
1.3137
1.3094
1.3049
1.2997
1.2936
1.2864
1.2776
1.2672
1.2548
1.2405
1.2241
1.206
1.1861
1.1647
1.1422
1.1187
1.0949
1.0713
1.049
1.0298
1.0156
1.007
0.99974
0.98491
0.9661
0.96412
1.9977
2.0782
1.9209
1.7381
1.6569
1.6076
1.5696
1.5388
1.5133
1.4923
1.475
1.4607
1.4487
1.4385
1.4295
1.4216
1.4146
1.4084
1.4031
1.3987
1.3953
1.3927
1.3911
1.3901
1.3896
1.3893
1.3887
1.3874
1.3848
1.3805
1.374
1.3649
1.3532
1.3387
1.3216
1.3021
1.2802
1.2559
1.2288
1.1982
1.1632
1.1227
1.077
1.0283
0.9809
0.93453
0.88668
0.87006
2.7353
2.4301
2.0437
1.8992
1.8154
1.7482
1.6932
1.6473
1.6091
1.5777
1.5523
1.5318
1.5153
1.5016
1.49
1.4801
1.4715
1.4642
1.4581
1.4534
1.4502
1.4485
1.4483
1.4497
1.4525
1.4564
1.4611
1.4659
1.4705
1.4739
1.4756
1.475
1.4717
1.4654
1.4564
1.4448
1.4311
1.4155
1.398
1.3779
1.3537
1.3224
1.2787
1.2126
1.1077
0.93937
0.67302
0.47302
4.6161
2.6485
2.27
2.0907
1.9624
1.8648
1.788
1.7257
1.6749
1.6339
1.6012
1.5753
1.5548
1.5383
1.5246
1.5131
1.5033
1.495
1.4882
1.483
1.4795
1.4779
1.4783
1.4807
1.4851
1.4912
1.4987
1.5072
1.516
1.5244
1.5316
1.5369
1.5398
1.5399
1.5372
1.5323
1.5256
1.5179
1.5099
1.5018
1.4937
1.4846
1.4724
1.4515
1.4069
1.2854
0.80487
-1.1788
