0
1.5646e-05
-0.003216
-0.0082947
-0.0028696
0.027997
0.094889
0.20194
0.34841
0.53141
0.74689
0.987
1.2335
1.4486
1.5685
1.5052
1.1667
0.49695
-0.47965
-1.6427
-2.8055
-3.7758
-4.4119
-4.6523
-4.5149
-4.0757
-3.442
-2.7245
-2.0173
-1.3859
-0.86456
-0.4613
-0.16625
0.039688
0.17762
0.26519
0.3136
0.3282
0.31195
0.26956
0.20943
0.14302
0.082131
0.035908
0.0085373
-0.0017395
-0.0018094
-9.0289e-05
0
1.5646e-05
-0.00054786
-0.002236
-0.0045492
0.0026319
0.033454
0.098611
0.20266
0.34521
0.52333
0.73264
0.96471
1.2009
1.4038
1.5114
1.439
1.0997
0.44185
-0.50974
-1.6394
-2.7691
-3.7154
-4.3419
-4.5874
-4.4659
-4.0483
-3.436
-2.7363
-2.0412
-1.4163
-0.89686
-0.49241
-0.19446
0.014984
0.15628
0.24667
0.29733
0.31386
0.29962
0.2596
0.20228
0.13892
0.080947
0.037051
0.010966
0.00063156
-0.0006965
-0.00024203
-9.0289e-05
-0.0032168
-0.0022359
0.00055154
0.0051655
0.017266
0.048229
0.10863
0.20409
0.33512
0.49883
0.6898
0.89805
1.1038
1.2708
1.3419
1.2432
0.90185
0.27897
-0.59887
-1.63
-2.6622
-3.5376
-4.1353
-4.3954
-4.3211
-3.9668
-3.4183
-2.7712
-2.1122
-1.5065
-0.99277
-0.58478
-0.27826
-0.058464
0.092781
0.19157
0.24899
0.27136
0.26317
0.23023
0.18119
0.12672
0.077138
0.039781
0.017142
0.006507
0.0020092
-0.00069668
-0.0018092
-0.0083056
-0.0045406
0.0052027
0.01859
0.037201
0.068476
0.12188
0.20403
0.31663
0.45685
0.61778
0.78712
0.94362
1.0529
1.0662
0.92601
0.58235
0.015455
-0.74546
-1.6204
-2.4966
-3.2566
-3.8049
-4.0846
-4.0834
-3.8303
-3.3851
-2.8244
-2.2253
-1.6522
-1.1486
-0.73538
-0.41522
-0.17871
-0.011277
0.10131
0.16997
0.2022
0.20415
0.18287
0.14717
0.10673
0.070061
0.042476
0.024849
0.014177
0.0065052
0.00062711
-0.0017435
-0.0026862
0.0028578
0.01753
0.037355
0.060568
0.09057
0.13456
0.1992
0.28706
0.39517
0.51486
0.63119
0.72159
0.75497
0.69389
0.50228
0.15769
-0.33717
-0.95077
-1.6287
-2.3046
-2.9097
-3.3818
-3.6726
-3.7552
-3.6289
-3.3203
-2.8787
-2.3656
-1.8417
-1.3558
-0.93825
-0.60111
-0.34263
-0.15343
-0.021935
0.062437
0.10863
0.12485
0.11956
0.10163
0.079378
0.0591
0.04386
0.033256
0.024889
0.017142
0.010929
0.0084878
0.029627
0.035003
0.049409
0.06886
0.09011
0.11361
0.1438
0.18614
0.243
0.31071
0.37863
0.42942
0.44019
0.38514
0.241
-0.0047942
-0.3469
-0.76216
-1.2186
-1.6865
-2.142
-2.5633
-2.9247
-3.1957
-3.3445
-3.3462
-3.1929
-2.8991
-2.5018
-2.0512
-1.5982
-1.1829
-0.82935
-0.54594
-0.33056
-0.17552
-0.071022
-0.0067127
0.027785
0.042404
0.045939
0.045172
0.044175
0.044132
0.044094
0.042692
0.039841
0.036966
0.035768
0.10094
0.10404
0.11213
0.1223
0.13173
0.13981
0.14892
0.16259
0.18174
0.20118
0.20825
0.18411
0.10738
-0.040139
-0.26602
-0.56045
-0.8952
-1.2331
-1.545
-1.8206
-2.0669
-2.2965
-2.5159
-2.7186
-2.8832
-2.9777
-2.9695
-2.8382
-2.5862
-2.2414
-1.8478
-1.4518
-1.0896
-0.78273
-0.53901
-0.35669
-0.22795
-0.14151
-0.084992
-0.047082
-0.019074
0.0044241
0.025639
0.044463
0.059765
0.07074
0.077575
0.081124
0.082203
0.21533
0.2143
0.21063
0.203
0.19024
0.17248
0.15137
0.12871
0.10334
0.067991
0.0083157
-0.094597
-0.25846
-0.49211
-0.78802
-1.1183
-1.4392
-1.7073
-1.8991
-2.0193
-2.0931
-2.1515
-2.2209
-2.3155
-2.4331
-2.5539
-2.6422
-2.6565
-2.5647
-2.3595
-2.0628
-1.7164
-1.3649
-1.0438
-0.7739
-0.56265
-0.40641
-0.2943
-0.21256
-0.14862
-0.093714
-0.043438
0.0031031
0.044852
0.080279
0.10831
0.12846
0.14061
0.14466
0.36581
0.3594
0.34024
0.30868
0.26576
0.21336
0.15368
0.087666
0.012357
-0.08135
-0.20863
-0.38685
-0.62853
-0.93311
-1.2805
-1.6296
-1.9265
-2.1266
-2.2157
-2.2127
-2.1548
-2.0816
-2.0259
-2.0103
-2.0463
-2.1314
-2.2458
-2.3518
-2.4009
-2.3518
-2.1901
-1.935
-1.6276
-1.3131
-1.027
-0.78949
-0.60465
-0.46456
-0.35531
-0.26346
-0.17991
-0.10081
-0.026164
0.042032
0.10138
0.14983
0.18575
0.2079
0.21539
0.53386
0.52176
0.48606
0.42853
0.3522
0.26089
0.15808
0.044837
-0.082568
-0.23406
-0.42451
-0.66878
-0.97418
-1.3325
-1.7135
-2.0635
-2.3186
-2.436
-2.4167
-2.2982
-2.1313
-1.9609
-1.8198
-1.7283
-1.6978
-1.7322
-1.8266
-1.9619
-2.0998
-2.188
-2.1795
-2.0563
-1.8369
-1.5638
-1.2832
-1.0296
-0.81953
-0.65161
-0.51421
-0.39383
-0.28109
-0.17225
-0.068009
0.028667
0.11413
0.18493
0.23804
0.27102
0.28221
0.69349
0.67645
0.62619
0.5453
0.43802
0.30953
0.16454
0.0048645
-0.1729
-0.37838
-0.62547
-0.92688
-1.2863
-1.6892
-2.0923
-2.4221
-2.6016
-2.5981
-2.4396
-2.1896
-1.914
-1.6626
-1.4656
-1.3371
-1.2811
-1.2961
-1.3781
-1.5182
-1.6975
-1.878
-2.0063
-2.0342
-1.9441
-1.7567
-1.516
-1.268
-1.0434
-0.85237
-0.68892
-0.54147
-0.4009
-0.2636
-0.13071
-0.0061186
0.10527
0.19844
0.26885
0.31276
0.32769
0.8203
0.79975
0.73896
0.64061
0.50904
0.34978
0.16807
-0.033618
-0.25804
-0.51433
-0.81597
-1.175
-1.5923
-2.042
-2.4537
-2.7203
-2.76
-2.5735
-2.2326
-1.8305
-1.4441
-1.122
-0.88762
-0.74715
-0.69698
-0.72881
-0.83252
-0.99735
-1.2105
-1.4512
-1.6814
-1.8487
-1.9078
-1.8459
-1.6878
-1.4785
-1.2607
-1.0582
-0.87524
-0.70522
-0.541
-0.37975
-0.22307
-0.0753
0.057828
0.17009
0.25548
0.30898
0.32721
0.90199
0.87926
0.81174
0.70156
0.55237
0.36903
0.15628
-0.083664
-0.35399
-0.66468
-1.0305
-1.4634
-1.955
-2.4484
-2.8185
-2.927
-2.7265
-2.2878
-1.7361
-1.1852
-0.70906
-0.34322
-0.096561
0.035988
0.064839
0.0015597
-0.14203
-0.35317
-0.61733
-0.91716
-1.2278
-1.5092
-1.7112
-1.7954
-1.7573
-1.6262
-1.4461
-1.2526
-1.0627
-0.87879
-0.69866
-0.52214
-0.35183
-0.19194
-0.047733
0.074526
0.16816
0.22715
0.24731
0.94352
0.91893
0.84555
0.7248
0.55933
0.35284
0.10863
-0.17304
-0.49806
-0.87975
-1.3347
-1.8679
-2.439
-2.9194
-3.1168
-2.9163
-2.3737
-1.6517
-0.91326
-0.26701
0.2376
0.59269
0.81139
0.91254
0.91248
0.82241
0.64972
0.40148
0.08844
-0.27243
-0.6579
-1.0361
-1.3633
-1.5923
-1.6947
-1.6758
-1.5683
-1.4117
-1.2342
-1.0498
-0.86542
-0.68687
-0.51945
-0.36676
-0.23144
-0.11707
-0.028957
0.027012
0.046243
0.96172
0.93398
0.85102
0.71382
0.5244
0.28527
-0.0024667
-0.34236
-0.7454
-1.2289
-1.805
-2.448
-3.0373
-3.3383
-3.1526
-2.502
-1.5906
-0.64746
0.17172
0.80021
1.2357
1.5078
1.6536
1.7033
1.6754
1.5772
1.4075
1.1619
0.83882
0.44637
0.0052574
-0.45279
-0.88624
-1.2466
-1.4917
-1.6046
-1.5993
-1.5092
-1.368
-1.2011
-1.0278
-0.86453
-0.72282
-0.60581
-0.51039
-0.43289
-0.37312
-0.33448
-0.32101
0.97004
0.93641
0.83582
0.66943
0.43922
0.14684
-0.2094
-0.63795
-1.1548
-1.7749
-2.4836
-3.175
-3.5915
-3.4421
-2.6865
-1.5701
-0.40895
0.57681
1.2987
1.7657
2.0335
2.1665
2.2157
2.2132
2.1727
2.0941
1.967
1.7751
1.5017
1.1382
0.69271
0.19322
-0.31712
-0.78601
-1.162
-1.4101
-1.5246
-1.5254
-1.4444
-1.3149
-1.1701
-1.0423
-0.95386
-0.90878
-0.89454
-0.89355
-0.89395
-0.89271
-0.89181
0.96241
0.91934
0.79071
0.57836
0.28478
-0.089078
-0.54759
-1.1029
-1.7694
-2.5393
-3.3246
-3.8675
-3.7889
-2.9475
-1.6174
-0.22574
0.91931
1.7015
2.1487
2.3548
2.4195
2.4171
2.3915
2.362
2.3324
2.2959
2.2371
2.1335
1.9577
1.6841
1.3007
0.82037
0.2821
-0.25804
-0.73914
-1.1109
-1.348
-1.4537
-1.4517
-1.3779
-1.2792
-1.2077
-1.2021
-1.2691
-1.3828
-1.5039
-1.6014
-1.6609
-1.6805
0.90729
0.85115
0.68371
0.40772
0.026446
-0.45949
-1.0556
-1.7714
-2.6016
-3.4739
-4.1512
-4.1923
-3.3114
-1.7722
-0.13434
1.1734
1.9968
2.3916
2.5037
2.4756
2.4034
2.3351
2.2879
2.2632
2.2568
2.261
2.2638
2.2454
2.1766
2.0215
1.7478
1.3451
0.83651
0.27449
-0.27354
-0.74362
-1.0921
-1.3039
-1.3904
-1.3858
-1.3484
-1.3528
-1.4584
-1.6755
-1.9609
-2.2464
-2.4748
-2.6165
-2.6639
0.75423
0.68153
0.46485
0.108
-0.38466
-1.0114
-1.7734
-2.6621
-3.6157
-4.4278
-4.6426
-3.8043
-2.0856
-0.1811
1.3159
2.1917
2.5344
2.5539
2.4421
2.3141
2.2158
2.1543
2.123
2.1141
2.1225
2.1451
2.1777
2.2098
2.2192
2.1694
2.0154
1.7225
1.2888
0.75266
0.18055
-0.35411
-0.79171
-1.0994
-1.274
-1.3447
-1.3799
-1.4772
-1.7178
-2.1144
-2.6019
-3.0786
-3.4583
-3.6949
-3.7742
0.4417
0.34923
0.073728
-0.37963
-1.0041
-1.7922
-2.7279
-3.7535
-4.6911
-5.1177
-4.4381
-2.6145
-0.42565
1.3194
2.3013
2.6285
2.5805
2.4051
2.2396
2.1273
2.0643
2.0343
2.0234
2.0241
2.034
2.0541
2.0867
2.1312
2.1769
2.1951
2.1388
1.9556
1.6174
1.1401
0.58056
0.015175
-0.4846
-0.87012
-1.124
-1.2694
-1.3839
-1.5877
-1.9804
-2.5712
-3.2686
-3.9376
-4.4667
-4.7961
-4.9068
-0.099613
-0.21399
-0.55469
-1.1145
-1.8809
-2.8304
-3.9048
-4.948
-5.5921
-5.1938
-3.4079
-0.94482
1.1372
2.3286
2.7133
2.6333
2.405
2.2035
2.0788
2.0184
1.9959
1.9908
1.9923
1.9959
2.0016
2.0119
2.0319
2.0672
2.1174
2.1661
2.1726
2.0779
1.8324
1.4274
0.90375
0.33461
-0.20183
-0.64453
-0.9638
-1.1784
-1.3762
-1.6966
-2.2494
-3.0302
-3.9175
-4.7493
-5.3999
-5.8038
-5.9396
-0.93973
-1.0756
-1.4803
-2.1433
-3.0397
-4.1121
-5.2221
-6.0559
-6.0157
-4.4779
-1.8284
0.68529
2.2407
2.799
2.7364
2.4564
2.2039
2.0552
1.9936
1.9796
1.9837
1.9913
1.9969
1.9998
2.001
2.0029
2.0105
2.0312
2.0714
2.1257
2.1643
2.1297
1.9596
1.6239
1.1455
0.58949
0.036343
-0.44437
-0.81411
-1.0909
-1.3742
-1.8178
-2.528
-3.4735
-4.5027
-5.4406
-6.163
-6.6094
-6.7595
-2.1328
-2.2857
-2.741
-3.4827
-4.4637
-5.5671
-6.531
-6.8413
-5.7621
-3.1484
-0.1682
1.9426
2.852
2.8955
2.5746
2.2481
2.053
1.9788
1.9699
1.983
1.9972
2.0066
2.011
2.0118
2.0102
2.0074
2.0071
2.0163
2.0442
2.093
2.1433
2.1437
2.027
1.7478
1.3125
0.77678
0.22007
-0.28324
-0.69016
-1.0229
-1.3945
-1.9635
-2.815
-3.8793
-4.981
-5.9504
-6.6833
-7.1331
-7.2842
-3.697
-3.8576
-4.3355
-5.1062
-6.0882
-7.078
-7.6557
-7.1264
-4.8891
-1.5794
1.258
2.7708
3.0902
2.7823
2.3619
2.0832
1.9714
1.9579
1.9782
1.9996
2.013
2.0191
2.021
2.0203
2.0177
2.0135
2.0098
2.0124
2.0311
2.0722
2.1237
2.141
2.0568
1.817
1.4159
0.90025
0.34702
-0.16786
-0.60211
-0.98794
-1.4508
-2.1408
-3.1027
-4.2227
-5.3157
-6.2382
-6.92
-7.3352
-7.4745
-5.6028
-5.7575
-6.217
-6.9454
-7.8145
-8.5133
-8.4592
-6.8833
-3.6365
-0.060151
2.3518
3.2361
3.0881
2.5863
2.1751
1.98
1.9402
1.9633
1.9942
2.0141
2.0229
2.0252
2.0249
2.0236
2.0212
2.0172
2.0128
2.0128
2.0265
2.0617
2.1101
2.1323
2.0633
1.8456
1.4664
0.96623
0.41914
-0.10035
-0.55643
-0.99626
-1.5527
-2.3496
-3.3755
-4.4773
-5.4812
-6.2877
-6.8676
-7.2174
-7.3347
-7.7784
-7.9112
-8.3044
-8.9079
-9.5382
-9.7693
-8.8873
-6.2148
-2.2351
1.2734
3.1257
3.4377
2.9603
2.3844
2.0368
1.9251
1.9361
1.9773
2.0086
2.0235
2.0275
2.0268
2.0252
2.0236
2.0216
2.0184
2.0146
2.0146
2.0269
2.0588
2.1027
2.1218
2.0538
1.8422
1.4721
0.98102
0.44016
-0.080517
-0.55773
-1.0559
-1.7044
-2.5809
-3.611
-4.6192
-5.4661
-6.1066
-6.5516
-6.8168
-6.9056
-10.13
-10.226
-10.505
-10.903
-11.177
-10.792
-8.9602
-5.2574
-0.82882
2.3833
3.6372
3.4693
2.7829
2.2105
1.9449
1.9009
1.9428
1.9904
2.0184
2.0286
2.029
2.0264
2.024
2.0223
2.0206
2.0181
2.0157
2.0175
2.031
2.0615
2.0997
2.1089
2.0302
1.8108
1.4382
0.94976
0.41403
-0.10765
-0.60994
-1.1718
-1.9023
-2.8161
-3.7826
-4.6308
-5.2749
-5.7242
-6.0215
-6.1954
-6.2534
-12.569
-12.613
-12.739
-12.864
-12.686
-11.575
-8.7302
-4.1162
0.51235
3.2807
3.951
3.4025
2.6016
2.0747
1.8867
1.8912
1.9504
1.9994
2.0243
2.0314
2.0298
2.0261
2.0231
2.0211
2.0196
2.018
2.0176
2.0225
2.0385
2.068
2.0978
2.0904
1.9903
1.7515
1.367
0.87629
0.34408
-0.18172
-0.7165
-1.3442
-2.1333
-3.0283
-3.8645
-4.5059
-4.9286
-5.1863
-5.3413
-5.4284
-5.4574
-15.031
-15.014
-14.956
-14.756
-14.054
-12.135
-8.2433
-2.8531
1.7626
3.9944
4.1241
3.2878
2.4391
1.9736
1.8491
1.8856
1.9542
2.0037
2.0273
2.0334
2.0312
2.027
2.0236
2.0214
2.0201
2.0199
2.0223
2.0309
2.0494
2.0757
2.0923
2.0603
1.9292
1.6619
1.2594
0.76356
0.23257
-0.30364
-0.87895
-1.5655
-2.3735
-3.1857
-3.838
-4.2522
-4.4619
-4.5484
-4.5805
-4.5937
-4.5978
-17.489
-17.404
-17.141
-16.579
-15.295
-12.49
-7.5204
-1.4974
2.9166
4.5548
4.2013
3.1583
2.3049
1.9
1.8213
1.8771
1.9512
2.0025
2.0276
2.0352
2.0341
2.0303
2.0269
2.0248
2.0243
2.026
2.0316
2.0433
2.0618
2.0799
2.0757
2.0105
1.8405
1.539
1.1158
0.61393
0.080586
-0.47438
-1.0937
-1.8173
-2.59
-3.2594
-3.6978
-3.893
-3.9195
-3.8685
-3.8052
-3.7615
-3.7466
-19.958
-19.8
-19.315
-18.358
-16.43
-12.642
-6.5543
-0.061577
3.9744
4.9877
4.2166
3.0356
2.2017
1.8465
1.7961
1.8614
1.9392
1.9942
2.0238
2.0356
2.0377
2.036
2.0337
2.0326
2.0335
2.0373
2.045
2.057
2.07
2.072
2.038
1.9317
1.7176
1.3805
0.93762
0.42955
-0.1113
-0.69202
-1.3477
-2.0694
-2.7471
-3.2314
-3.4555
-3.4632
-3.3491
-3.1997
-3.0706
-2.9881
-2.9602
-22.492
-22.256
-21.53
-20.138
-17.479
-12.562
-5.3161
1.4451
4.9332
5.313
4.196
2.9341
2.1302
1.8084
1.7691
1.8355
1.9152
1.9755
2.0123
2.0311
2.039
2.0415
2.0421
2.0431
2.0456
2.0504
2.0573
2.0641
2.0635
2.0399
1.9677
1.8149
1.5561
1.1863
0.7273
0.21265
-0.34092
-0.94742
-1.6161
-2.2848
-2.8172
-3.1027
-3.1388
-3.0045
-2.7953
-2.5848
-2.4168
-2.3116
-2.2761
-25.184
-24.859
-23.863
-21.97
-18.438
-12.181
-3.7678
3.004
5.7835
5.5459
4.1613
2.8657
2.0924
1.7845
1.7393
1.7975
1.8757
1.9412
1.9867
2.0148
2.0308
2.0396
2.0448
2.0484
2.0518
2.0549
2.0559
2.0499
2.0269
1.9694
1.8535
1.654
1.3548
0.95918
0.48866
-0.033144
-0.60072
-1.2206
-1.8643
-2.4303
-2.7912
-2.8941
-2.7859
-2.558
-2.2946
-2.0536
-1.8678
-1.7526
-1.7138
-28.156
-27.726
-26.405
-23.899
-19.27
-11.387
-1.8815
4.578
6.5091
5.7012
4.1335
2.8426
2.0938
1.7792
1.7104
1.7484
1.818
1.8851
1.9381
1.9758
2.0011
2.0174
2.0276
2.0334
2.0355
2.0328
2.022
1.9961
1.9438
1.848
1.6887
1.4479
1.1174
0.70462
0.22736
-0.3
-0.87414
-1.4817
-2.0586
-2.4893
-2.6832
-2.6417
-2.438
-2.1591
-1.8731
-1.6235
-1.4343
-1.3176
-1.2782
-31.553
-30.988
-29.253
-25.947
-19.877
-10.034
0.33726
6.1073
7.0926
5.7986
4.1365
2.88
2.146
1.805
1.6936
1.6954
1.7437
1.8034
1.8582
1.9023
1.9351
1.9578
1.9718
1.9779
1.9757
1.9632
1.9357
1.8857
1.8017
1.6693
1.473
1.201
0.85088
0.43036
-0.04758
-0.57326
-1.1363
-1.6999
-2.1783
-2.4689
-2.5263
-2.3884
-2.134
-1.8369
-1.5496
-1.3043
-1.1197
-1.0058
-0.96735
-35.532
-34.786
-32.488
-28.089
-20.082
-7.9735
2.8276
7.5131
7.5252
5.8691
4.2002
2.9988
2.2701
1.8859
1.7132
1.6589
1.6663
1.7016
1.7452
1.7865
1.8207
1.8455
1.86
1.8635
1.8542
1.8292
1.7834
1.7094
1.5972
1.4352
1.2127
0.9227
0.56522
0.14707
-0.32217
-0.83208
-1.3609
-1.8544
-2.2248
-2.397
-2.3628
-2.1759
-1.9073
-1.6157
-1.3405
-1.1066
-0.92971
-0.81987
-0.78265
-40.25
-39.249
-36.163
-30.231
-19.61
-5.1049
5.4638
8.7137
7.8212
5.9599
4.3614
3.2289
2.5003
2.0632
1.8145
1.6832
1.6245
1.6094
1.6183
1.6378
1.659
1.6759
1.6844
1.681
1.6624
1.6245
1.5622
1.4686
1.3357
1.155
0.91924
0.62466
0.27244
-0.13169
-0.57901
-1.0553
-1.5296
-1.942
-2.2173
-2.3092
-2.2309
-2.0357
-1.7828
-1.5172
-1.2677
-1.0527
-0.88666
-0.78158
-0.74559
-45.844
-44.483
-40.282
-32.184
-18.102
-1.4314
8.0676
9.6508
8.0302
6.1344
4.6645
3.611
2.887
2.4001
2.0719
1.8497
1.7012
1.605
1.5455
1.5107
1.4905
1.4768
1.4625
1.4414
1.408
1.3564
1.2806
1.1741
1.0304
0.84296
0.60721
0.32126
-0.013033
-0.39022
-0.8009
-1.2277
-1.6366
-1.9729
-2.18
-2.2326
-2.1504
-1.98
-1.7708
-1.5586
-1.3615
-1.1876
-1.0465
-0.95273
-0.91972
-52.43
-50.562
-44.783
-33.638
-15.16
2.9096
10.446
10.321
8.242
6.4645
5.1587
4.1974
3.4963
2.9803
2.5888
2.2824
2.0375
1.8401
1.6811
1.553
1.4494
1.3637
1.2893
1.2197
1.148
1.0672
0.97038
0.85036
0.7005
0.51508
0.29023
0.024718
-0.27954
-0.61721
-0.97851
-1.3457
-1.6879
-1.9619
-2.1284
-2.1732
-2.1145
-1.9931
-1.8573
-1.743
-1.6572
-1.5848
-1.5148
-1.4583
-1.436
-60.145
-57.563
-49.554
-34.111
-10.431
7.6594
12.447
10.799
8.5736
7.0179
5.8925
5.0434
4.397
3.8905
3.476
3.1217
2.8086
2.5264
2.2694
2.0347
1.8203
1.6242
1.4436
1.2755
1.1157
0.9595
0.80126
0.635
0.45463
0.2547
0.031154
-0.21786
-0.49141
-0.78536
-1.0914
-1.395
-1.6732
-1.897
-2.0415
-2.0979
-2.0794
-2.0242
-1.9932
-2.0425
-2.1779
-2.3406
-2.4576
-2.5081
-2.5187
-69.289
-65.686
-54.454
-32.797
-3.6863
12.495
14.015
11.241
9.1455
7.8438
6.9015
6.186
5.6296
5.1797
4.7973
4.4559
4.1383
3.8342
3.5382
3.2473
2.9607
2.678
2.3993
2.125
1.8551
1.5896
1.3277
1.0686
0.81057
0.55206
0.29155
0.028342
-0.23712
-0.50293
-0.76546
-1.0189
-1.2549
-1.464
-1.6379
-1.7704
-1.8602
-1.9312
-2.0633
-2.3709
-2.9032
-3.5517
-4.1014
-4.4171
-4.5115
-80.535
-75.403
-59.273
-28.321
5.1132
17.109
15.243
11.88
10.061
8.9723
8.1954
7.616
7.1681
6.8077
6.5032
6.2329
5.9818
5.7402
5.5014
5.2608
5.0153
4.7626
4.5011
4.2302
3.9502
3.6624
3.3694
3.0745
2.7821
2.4969
2.2232
1.9644
1.722
1.4941
1.2746
1.0512
0.80525
0.51397
0.15731
-0.26865
-0.7394
-1.2199
-1.7489
-2.5134
-3.7146
-5.2705
-6.7257
-7.6328
-7.9165
-95.088
-87.504
-63.327
-18.576
15.746
21.297
16.444
13.024
11.427
10.443
9.7685
9.2814
8.9175
8.6373
8.4147
8.2333
8.0819
7.9538
7.844
7.7485
7.6637
7.5858
7.5111
7.4358
7.3568
7.2723
7.1819
7.0877
6.9936
6.9053
6.8288
6.7678
6.7215
6.6798
6.62
6.5029
6.2724
5.8609
5.2024
4.2535
3.016
1.5516
-0.058408
-1.8822
-4.2741
-7.4293
-10.672
-12.838
-13.525
-115.37
-103.31
-63.853
-1.0895
27.717
25.14
18.313
15.104
13.447
12.387
11.669
11.161
10.793
10.523
10.324
10.183
10.092
10.05
10.056
10.111
10.216
10.371
10.575
10.827
11.121
11.454
11.821
12.217
12.639
13.084
13.548
14.026
14.506
14.966
15.366
15.649
15.731
15.51
14.872
13.699
11.883
9.3346
5.9798
1.7583
-3.3582
-9.5637
-16.406
-21.422
-23.021
-147.4
-125.33
-51.623
26.198
40.469
29.528
22.151
18.762
16.59
15.13
14.099
13.364
12.829
12.438
12.151
11.947
11.816
11.758
11.776
11.879
12.075
12.375
12.785
13.313
13.963
14.735
15.627
16.631
17.735
18.923
20.176
21.47
22.778
24.067
25.301
26.434
27.407
28.143
28.53
28.406
27.537
25.575
21.991
15.878
5.8281
-8.2632
-23.974
-36.997
-41.275
-200.1
-151.46
-5.4767
64.458
53.94
37.215
29.595
24.899
21.568
19.153
17.384
16.095
15.155
14.465
13.952
13.569
13.288
13.1
13.007
13.018
13.15
13.421
13.851
14.46
15.264
16.279
17.514
18.968
20.631
22.482
24.486
26.603
28.787
31
33.217
35.436
37.681
39.995
42.415
44.934
47.442
49.619
50.748
49.303
41.687
19.071
-24.105
-67.288
-83.366
-317.4
-134.97
104.32
110.97
70.913
51.772
41.293
33.981
28.604
24.564
21.553
19.341
17.735
16.57
15.713
15.067
14.572
14.194
13.922
13.762
13.729
13.848
14.146
14.652
15.399
16.414
17.723
19.34
21.267
23.487
25.964
28.646
31.471
34.384
37.356
40.407
43.624
47.174
51.31
56.366
62.761
70.992
81.539
94.455
107.93
112.69
64.55
-103
-204.82
-642.31
277.86
297.47
153.14
96.519
70.485
54.617
43.788
35.899
29.986
25.578
22.343
20.011
18.34
17.13
16.231
15.538
14.991
14.562
14.247
14.058
14.019
14.161
14.519
15.132
16.039
17.275
18.867
20.831
23.159
25.821
28.76
31.906
35.185
38.55
42.006
45.638
49.644
54.352
60.255
68.08
78.97
94.89
119.5
159.87
228.86
336.06
257.56
-586.16
0
-642.31
-1489.6
-1686.1
-1755.7
-1787.8
-1807.1
-1819.8
-1829
-1835.8
-1840.9
-1844.6
-1847.3
-1849.2
-1850.5
-1851.5
-1852.3
-1852.9
-1853.4
-1853.8
-1854
-1854.1
-1854.1
-1853.8
-1853.2
-1852.4
-1851.2
-1849.6
-1847.7
-1845.3
-1842.7
-1839.7
-1836.4
-1833
-1829.6
-1826
-1822.3
-1818.2
-1813.4
-1807.5
-1799.6
-1788.6
-1772.2
-1746.5
-1702.3
-1617.1
-1396.5
-586.16
0
