0
-0.014755
0.26619
1.0792
1.7129
-1.0784
-4.7158
-5.8844
-4.4497
-2.0965
-0.49184
0.19279
0.36531
0.27309
0.075829
-0.003278
0
-0.014755
0.057427
0.27549
0.81999
1.0318
-1.0355
-3.7345
-4.9504
-4.1737
-2.3089
-0.76612
0.0012574
0.23667
0.19625
0.068766
0.015011
-0.003278
0.29066
0.26657
0.18721
0.051755
-0.67742
-1.1624
-1.6221
-2.3706
-3.0621
-2.7462
-1.507
-0.53799
-0.11852
-0.0057173
0.038692
0.069572
0.074309
1.1187
0.80863
0.048837
-0.90313
-2.2451
-1.4023
-0.69653
-0.54068
-0.80632
-1.6471
-2.007
-1.3661
-0.67161
-0.30035
-0.014725
0.20026
0.28004
1.5372
1.1251
-0.019878
-2.257
-2.372
-0.82817
0.045987
0.37225
0.39384
-0.086246
-1.0559
-1.5925
-1.3064
-0.73235
-0.2068
0.21723
0.38179
1.1887
0.72266
-0.74391
-3.9467
-1.3711
0.42433
1.1507
1.4473
1.3806
1.142
0.28144
-0.73495
-1.3529
-1.3715
-0.78558
-0.33
-0.18894
1.0946
-0.18765
-4.4381
-3.135
0.50533
1.7365
1.9843
2.0417
1.9401
1.8915
1.3379
0.3558
-0.48054
-0.89222
-1.2729
-2.3202
-2.8437
-1.2313
-2.7867
-7.9722
-0.72843
2.0296
2.0485
1.816
1.7567
1.7284
1.8936
1.6885
0.85902
-0.047791
-0.68039
-1.8905
-4.1003
-5.0267
-7.7825
-8.5189
-7.1125
1.3918
2.3007
1.6782
1.6751
1.7262
1.6929
1.8578
1.8153
1.1277
0.24614
-0.63666
-2.5607
-4.7157
-5.4535
-14.652
-14.507
-4.548
2.8289
2.3738
1.6872
1.8038
1.7977
1.7281
1.8134
1.7166
1.011
0.10247
-1.0101
-2.9832
-3.9036
-4.1232
-20.523
-19.121
-1.7362
3.9044
2.1624
1.416
1.7139
1.8319
1.8125
1.831
1.6051
0.85282
-0.10927
-1.4435
-2.7677
-2.5531
-2.423
-25.954
-22.717
1.5186
4.8237
2.1516
1.4336
1.5542
1.6667
1.6506
1.5406
1.1279
0.25763
-0.81536
-2.073
-2.0336
-1.3278
-1.0438
-32.525
-24.608
5.1454
5.7573
2.1825
1.3866
1.2557
1.2314
1.1878
1.032
0.61949
-0.11117
-0.85223
-1.1649
-1.363
-1.0056
-0.90056
-47.529
-21.333
9.4313
7.2386
4.0561
3.0219
2.2558
1.6673
1.1805
0.64047
0.053329
-0.76469
-1.6157
-4.0147
-2.9637
-0.55634
0.42488
-81.698
-3.5741
15.958
10.191
9.3924
8.2876
8.1465
7.6841
7.6233
7.4419
7.4711
7.4046
7.2646
6.2633
-0.40015
-6.9607
-4.1557
-91.873
41.154
26.214
16.429
14.319
13.649
13.477
14.316
15.915
18.845
22.743
27.347
31.788
35.799
37.853
24.295
-52.176
0
-91.873
-163.38
-179.38
-189.9
-192.1
-193.47
-193.36
-192.34
-189.24
-184.07
-176.83
-168.18
-154.62
-124.2
-52.176
0
