0
-0.001206
-0.0095165
0.011693
0.11265
0.31435
0.61429
1.0012
1.4299
1.7419
1.5968
0.62354
-1.1292
-3.0734
-4.5168
-5.0757
-4.7609
-3.8502
-2.7092
-1.6438
-0.82065
-0.27
0.058627
0.23707
0.31814
0.32452
0.26831
0.17449
0.080993
0.019531
-0.001785
-0.00081285
0
-0.001206
-0.00079095
0.0004344
0.026087
0.12175
0.31115
0.59316
0.95316
1.3409
1.6019
1.425
0.48789
-1.1519
-2.9655
-4.3328
-4.8965
-4.6456
-3.8157
-2.7388
-1.7077
-0.89291
-0.33571
0.0045207
0.19364
0.28252
0.29527
0.24656
0.16224
0.078453
0.02374
0.0034078
0.00024446
-0.00081285
-0.0095468
0.00046624
0.023024
0.06027
0.14283
0.29797
0.52768
0.80864
1.0778
1.1937
0.92809
0.094699
-1.2219
-2.6589
-3.8017
-4.374
-4.305
-3.7102
-2.8223
-1.8932
-1.1041
-0.5284
-0.15455
0.065829
0.17801
0.21011
0.18373
0.12664
0.069641
0.032439
0.014358
0.0034045
-0.0017851
0.012466
0.026891
0.060539
0.10168
0.1618
0.26358
0.40875
0.56222
0.64761
0.55065
0.16453
-0.51473
-1.3715
-2.2597
-3.0382
-3.5669
-3.7302
-3.4872
-2.909
-2.1622
-1.4301
-0.83361
-0.40947
-0.1396
0.011094
0.075983
0.085962
0.070574
0.052575
0.041054
0.032547
0.023683
0.0194
0.12124
0.12822
0.14307
0.15588
0.16884
0.19349
0.22252
0.20804
0.070513
-0.2576
-0.75115
-1.2546
-1.6551
-1.9863
-2.3151
-2.6519
-2.9309
-3.0331
-2.8565
-2.4063
-1.8085
-1.2209
-0.74567
-0.41367
-0.21001
-0.098872
-0.040207
-0.0030448
0.027645
0.053265
0.070312
0.078524
0.08076
0.33835
0.32726
0.29335
0.2377
0.1668
0.085137
-0.026737
-0.22501
-0.57714
-1.0948
-1.6362
-1.9526
-2.0021
-1.9299
-1.8766
-1.9233
-2.0893
-2.3235
-2.4923
-2.4363
-2.1105
-1.6256
-1.137
-0.74594
-0.4791
-0.30985
-0.19275
-0.094811
-0.0057355
0.070802
0.12885
0.16493
0.17721
0.61891
0.58594
0.49102
0.34627
0.16824
-0.036574
-0.29162
-0.65268
-1.172
-1.8129
-2.3072
-2.3882
-2.1587
-1.838
-1.5688
-1.419
-1.4179
-1.5711
-1.8416
-2.0964
-2.1456
-1.9192
-1.5229
-1.115
-0.79078
-0.55796
-0.37699
-0.21351
-0.059015
0.078365
0.18696
0.25688
0.2811
0.86345
0.81439
0.67255
0.45382
0.17999
-0.13714
-0.51748
-1.0165
-1.6855
-2.3978
-2.691
-2.4324
-1.9158
-1.4038
-1.0214
-0.80471
-0.75242
-0.85594
-1.1054
-1.4674
-1.8047
-1.9283
-1.7776
-1.4605
-1.1247
-0.84126
-0.60048
-0.3746
-0.15701
0.040547
0.20022
0.30469
0.34113
0.99661
0.94048
0.77575
0.51425
0.1738
-0.23655
-0.74253
-1.4163
-2.2861
-2.9045
-2.732
-2.0211
-1.2148
-0.5548
-0.11503
0.10845
0.14213
0.0088038
-0.27146
-0.68212
-1.1713
-1.5834
-1.7549
-1.6626
-1.4165
-1.1334
-0.85703
-0.58708
-0.32731
-0.09214
0.099559
0.22665
0.27134
1.0363
0.9738
0.78808
0.48563
0.075023
-0.45248
-1.1533
-2.1216
-3.0888
-3.1228
-2.2235
-1.0643
-0.077009
0.60727
1.0065
1.1805
1.1767
1.0182
0.70722
0.25031
-0.33232
-0.94426
-1.411
-1.6111
-1.5629
-1.3673
-1.1092
-0.83606
-0.58303
-0.37097
-0.20568
-0.095736
-0.056454
1.0473
0.96639
0.72545
0.33015
-0.22101
-0.96719
-2.0038
-3.2703
-3.6401
-2.5676
-0.9841
0.36814
1.2652
1.7606
1.985
2.0487
2.0081
1.8734
1.6169
1.2025
0.61292
-0.10279
-0.79001
-1.2749
-1.4847
-1.4612
-1.2931
-1.0783
-0.91061
-0.8295
-0.8033
-0.79065
-0.7847
1.0176
0.89936
0.54893
-0.025472
-0.83499
-1.9426
-3.4039
-4.2709
-3.1222
-1.0313
0.73461
1.789
2.2509
2.3748
2.3635
2.3228
2.2838
2.2326
2.1218
1.876
1.4218
0.74641
-0.034059
-0.72422
-1.1795
-1.3683
-1.35
-1.2605
-1.274
-1.4633
-1.7265
-1.9193
-1.9846
0.80885
0.63515
0.12124
-0.72083
-1.903
-3.4527
-4.8999
-3.9911
-1.339
0.94123
2.1342
2.4668
2.3968
2.247
2.1432
2.1009
2.1059
2.1399
2.1717
2.129
1.8977
1.3888
0.65276
-0.12443
-0.7516
-1.1307
-1.2792
-1.3618
-1.6426
-2.2242
-2.8977
-3.3786
-3.5436
0.21068
-0.033097
-0.75361
-1.927
-3.5166
-5.3166
-5.2263
-2.143
0.84882
2.2981
2.5297
2.2989
2.0755
1.9681
1.9364
1.9368
1.954
1.9919
2.0584
2.1247
2.079
1.7674
1.1543
0.38561
-0.32926
-0.84344
-1.1395
-1.4151
-2.015
-3.0326
-4.123
-4.8826
-5.1433
-1.0181
-1.3324
-2.2599
-3.7383
-5.545
-6.5781
-3.746
0.19789
2.2707
2.6125
2.3083
2.0466
1.9522
1.941
1.9474
1.9506
1.95
1.9548
1.9882
2.0646
2.1112
1.9494
1.4663
0.75101
0.0081892
-0.58697
-1.0016
-1.4784
-2.4059
-3.7916
-5.1599
-6.0804
-6.3949
-3.0278
-3.3863
-4.4395
-6.0315
-7.5195
-6.2131
-1.4784
1.8668
2.7834
2.5046
2.1164
1.9528
1.932
1.9463
1.9574
1.9613
1.9597
1.9547
1.9643
2.022
2.0963
2.0194
1.6328
0.97461
0.23376
-0.40446
-0.91826
-1.6023
-2.8159
-4.3975
-5.8072
-6.713
-7.0204
-5.8025
-6.1428
-7.1299
-8.436
-8.7177
-4.6776
0.49416
2.8318
2.893
2.2944
1.944
1.8923
1.933
1.9629
1.9719
1.9715
1.9674
1.96
1.9608
2.0039
2.0777
2.033
1.6974
1.0779
0.34812
-0.31326
-0.92379
-1.8141
-3.2126
-4.7546
-5.9623
-6.6948
-6.9413
-9.1196
-9.3634
-10.044
-10.6
-8.8872
-2.8297
2.0359
3.3422
2.7507
2.0686
1.8686
1.9112
1.964
1.9793
1.9769
1.9723
1.968
1.9623
1.9645
2.0029
2.0655
2.0155
1.6878
1.082
0.36126
-0.31997
-1.0391
-2.1098
-3.5306
-4.7974
-5.6354
-6.1048
-6.2607
-12.649
-12.732
-12.91
-12.36
-8.316
-0.96519
3.1855
3.5364
2.5592
1.9283
1.8365
1.9144
1.9675
1.9792
1.9749
1.9699
1.9664
1.9646
1.9737
2.012
2.0537
1.9685
1.6132
0.99941
0.28174
-0.43021
-1.2706
-2.4467
-3.6866
-4.5153
-4.9316
-5.1293
-5.1931
-16.186
-16.068
-15.612
-13.717
-7.2234
0.82042
4.0419
3.5829
2.3664
1.8186
1.8173
1.9226
1.9763
1.9847
1.9784
1.9726
1.9707
1.9745
1.9912
2.024
2.0282
1.8812
1.4731
0.83761
0.11414
-0.64842
-1.5989
-2.7409
-3.6141
-3.9657
-4.0158
-3.9946
-3.9848
-19.715
-19.369
-18.19
-14.718
-5.6667
2.5333
4.6847
3.5425
2.2157
1.7546
1.7937
1.9058
1.9684
1.9873
1.9875
1.985
1.9864
1.9945
2.0102
2.019
1.9619
1.7323
1.2603
0.59985
-0.14016
-0.96642
-1.9608
-2.8893
-3.3082
-3.2647
-3.0644
-2.9038
-2.8476
-23.425
-22.817
-20.789
-15.3
-3.6113
4.1719
5.166
3.4866
2.1133
1.7005
1.7505
1.8674
1.943
1.9784
1.992
1.9977
2.0024
2.0068
2.0029
1.9628
1.8244
1.5063
0.97593
0.29383
-0.47162
-1.3404
-2.2525
-2.8288
-2.8441
-2.5502
-2.2209
-1.9948
-1.917
-27.705
-26.76
-23.597
-15.169
-1.0123
5.7134
5.5156
3.4506
2.0841
1.6721
1.6828
1.7849
1.8722
1.9266
1.9565
1.9705
1.9727
1.9596
1.9165
1.8103
1.5879
1.1953
0.62588
-0.067993
-0.84567
-1.6847
-2.3838
-2.5926
-2.3467
-1.9402
-1.5713
-1.3297
-1.2469
-33.023
-31.581
-26.715
-13.791
2.0892
7.085
5.7619
3.5
2.1646
1.6932
1.6129
1.6606
1.7332
1.7932
1.8318
1.8479
1.8397
1.7997
1.7108
1.543
1.2566
0.82038
0.24018
-0.44258
-1.1895
-1.913
-2.3491
-2.2981
-1.9412
-1.5168
-1.1567
-0.92261
-0.842
-39.727
-37.503
-29.934
-10.613
5.4887
8.1925
5.9725
3.7316
2.4483
1.8644
1.6271
1.5522
1.5496
1.5713
1.5916
1.5948
1.5694
1.5022
1.3758
1.1662
0.84759
0.40444
-0.15151
-0.78504
-1.4471
-2.0091
-2.2365
-2.0758
-1.7226
-1.3429
-1.0209
-0.8045
-0.72787
-48.042
-44.528
-32.436
-5.4058
8.8319
8.9959
6.3089
4.3043
3.099
2.3997
1.9707
1.6967
1.5206
1.4065
1.328
1.2629
1.1912
1.0927
0.94602
0.72878
0.42148
0.016136
-0.47468
-1.0201
-1.5673
-1.9901
-2.1237
-1.984
-1.7276
-1.4785
-1.2752
-1.1234
-1.0632
-58.602
-52.833
-32.503
1.621
11.784
9.6278
7.0334
5.4135
4.3559
3.635
3.088
2.6363
2.2477
1.9072
1.6068
1.3371
1.088
0.84596
0.59521
0.31759
-0.0030948
-0.37491
-0.79153
-1.2333
-1.6624
-1.9878
-2.097
-2.0167
-1.92
-1.9629
-2.1284
-2.2409
-2.2597
-73.061
-63.171
-27.198
10.085
14.236
10.437
8.4063
7.1908
6.382
5.7937
5.3177
4.8874
4.4756
4.0668
3.6561
3.2405
2.8198
2.3952
1.9698
1.5472
1.1318
0.72706
0.33359
-0.058108
-0.47295
-0.93754
-1.4631
-1.9458
-2.2329
-2.7769
-3.8641
-4.8461
-5.151
-92.815
-75.296
-12.729
19.696
16.405
12.01
10.519
9.5657
8.9975
8.6031
8.3207
8.1023
7.9275
7.7841
7.6614
7.55
7.4404
7.3263
7.2074
7.091
6.9896
6.9113
6.8418
6.7205
6.419
5.7372
4.4265
2.2468
-0.78868
-3.6119
-6.7229
-10.245
-11.495
-117.47
-82.685
13.418
30.401
19.455
15.446
13.516
12.467
11.809
11.425
11.193
11.099
11.133
11.309
11.64
12.135
12.793
13.609
14.565
15.637
16.796
17.997
19.17
20.201
20.904
21.007
20.141
17.797
12.99
3.0096
-10.362
-21.111
-25.842
-173.84
-59.105
54.292
43.931
27.963
22.524
18.6
16.37
14.958
14.1
13.557
13.237
13.117
13.225
13.612
14.336
15.456
17.015
19.03
21.475
24.277
27.317
30.466
33.633
36.803
40.027
43.308
46.348
48.126
45.384
21.652
-40.615
-73.645
-303.19
131.93
125.06
65.24
46.221
34.025
26.497
21.536
18.537
16.702
15.562
14.803
14.308
14.061
14.119
14.569
15.518
17.069
19.31
22.275
25.91
30.067
34.552
39.242
44.257
50.122
57.916
69.383
87.174
115.03
152.57
109.86
-248.28
0
-303.19
-671.55
-742.37
-771.47
-788.85
-799.27
-806.11
-810.22
-812.7
-814.21
-815.21
-815.89
-816.33
-816.46
-816.2
-815.44
-814.04
-811.88
-808.92
-805.16
-800.76
-795.94
-790.88
-785.5
-779.32
-771.15
-758.92
-738.77
-700.22
-596.94
-248.28
0
