0
7.2556e-05
-0.0017073
-0.0063029
-0.0080054
0.0024805
0.033875
0.091918
0.17887
0.29434
0.43655
0.60316
0.79079
0.99304
1.197
1.3796
1.5045
1.5223
1.3773
1.0203
0.42853
-0.37762
-1.3283
-2.3158
-3.2189
-3.9313
-4.3823
-4.5454
-4.4358
-4.1005
-3.605
-3.0198
-2.4101
-1.8279
-1.3081
-0.86956
-0.51681
-0.24471
-0.042325
0.10355
0.20546
0.27322
0.31298
0.32784
0.3196
0.29074
0.24571
0.19094
0.13405
0.082342
0.041491
0.014444
0.00091337
-0.0024955
-0.0011821
-1.2969e-05
0
7.2556e-05
-0.00033349
-0.0015503
-0.0044788
-0.0046476
0.0065606
0.037695
0.094605
0.17975
0.29291
0.43235
0.59562
0.77914
0.97625
1.174
1.3493
1.4665
1.4777
1.329
0.97343
0.38972
-0.40161
-1.3327
-2.2995
-3.1849
-3.886
-4.3335
-4.5006
-4.4007
-4.0784
-3.5963
-3.0233
-2.4231
-1.8471
-1.3308
-0.89332
-0.53995
-0.2662
-0.061685
0.086398
0.19033
0.2598
0.30096
0.31705
0.31004
0.28259
0.2392
0.18629
0.13133
0.081466
0.042132
0.016067
0.0028145
-0.0010658
-0.00071543
-0.00018873
-1.2969e-05
-0.0017074
-0.0015504
-0.00080758
0.00042291
0.0044463
0.017806
0.048329
0.10205
0.18198
0.28834
0.41956
0.57291
0.74418
0.92602
1.1051
1.2588
1.3536
1.3452
1.1856
0.83428
0.27455
-0.47286
-1.346
-2.2514
-3.0844
-3.7517
-4.1887
-4.3677
-4.2967
-4.0126
-3.5707
-3.0336
-2.4615
-1.9045
-1.3984
-0.96407
-0.60886
-0.33022
-0.11937
0.035277
0.14522
0.21978
0.26515
0.28494
0.28167
0.25843
0.21993
0.1725
0.12323
0.078698
0.043704
0.020374
0.0078094
0.0025886
0.00052498
-0.00071547
-0.0011821
-0.0063093
-0.0044796
0.00043271
0.0074707
0.01726
0.03385
0.063631
0.11257
0.18431
0.27978
0.3976
0.53464
0.68578
0.84259
0.99119
1.1099
1.1683
1.1286
0.95171
0.60751
0.086662
-0.58992
-1.3695
-2.1758
-2.9234
-3.5351
-3.9539
-4.1509
-4.1259
-3.9036
-3.5272
-3.0491
-2.5234
-1.9978
-1.5089
-1.08
-0.72191
-0.43538
-0.21423
-0.048846
0.070967
0.15393
0.20632
0.23234
0.23533
0.21909
0.18861
0.15004
0.10984
0.073661
0.045316
0.02604
0.014461
0.0075455
0.0025874
-0.001067
-0.0024961
-0.0079887
-0.0046082
0.0045274
0.01734
0.032756
0.0525
0.081075
0.12385
0.18488
0.26573
0.36529
0.47991
0.60333
0.72585
0.83309
0.90476
0.91481
0.83398
0.63522
0.30124
-0.16814
-0.75196
-1.4092
-2.0847
-2.7182
-3.2526
-3.6423
-3.8582
-3.8905
-3.7489
-3.46
-3.0628
-2.6018
-2.1209
-1.657
-1.237
-0.87598
-0.57923
-0.34432
-0.16442
-0.03112
0.063453
0.12567
0.16051
0.17235
0.16584
0.14632
0.1196
0.091305
0.06591
0.046008
0.031936
0.022143
0.014467
0.0078037
0.002801
0.00089797
0.002864
0.0069668
0.018226
0.034168
0.052589
0.073338
0.098966
0.13371
0.1815
0.24424
0.3209
0.40721
0.49569
0.57541
0.6317
0.6464
0.59921
0.47095
0.24815
-0.072529
-0.482
-0.95976
-1.4773
-2.0018
-2.499
-2.9351
-3.2788
-3.504
-3.5934
-3.5414
-3.3561
-3.0588
-2.6813
-2.2606
-1.8328
-1.4276
-1.0658
-0.75803
-0.50695
-0.30937
-0.15933
-0.050084
0.024767
0.071054
0.094327
0.10017
0.094241
0.081935
0.067849
0.055182
0.045354
0.038065
0.032012
0.026089
0.020365
0.016013
0.014374
0.035792
0.039528
0.049844
0.064488
0.08102
0.098266
0.11725
0.14084
0.1723
0.21329
0.2625
0.3149
0.36182
0.39134
0.38919
0.34027
0.23116
0.05361
-0.19232
-0.49714
-0.84412
-1.2141
-1.59
-1.9584
-2.3085
-2.6285
-2.9036
-3.1156
-3.2451
-3.2754
-3.1974
-3.013
-2.737
-2.395
-2.0186
-1.6393
-1.2827
-0.96619
-0.69843
-0.48117
-0.31171
-0.18497
-0.09474
-0.034384
0.0028516
0.023491
0.03346
0.037679
0.039713
0.041562
0.043717
0.045589
0.046302
0.045515
0.043752
0.042058
0.041372
0.097543
0.099807
0.10596
0.11431
0.12292
0.13051
0.13734
0.14519
0.15627
0.1715
0.18881
0.20225
0.20212
0.17612
0.11124
-0.0035044
-0.17391
-0.39762
-0.66281
-0.95013
-1.2381
-1.5098
-1.7572
-1.9812
-2.1879
-2.3829
-2.5671
-2.7344
-2.8706
-2.9563
-2.9711
-2.8997
-2.7374
-2.4934
-2.1889
-1.8526
-1.5135
-1.1952
-0.91354
-0.67658
-0.48608
-0.33949
-0.23133
-0.15438
-0.10082
-0.063212
-0.035386
-0.012864
0.0070112
0.025268
0.041748
0.055737
0.066614
0.07427
0.079095
0.081676
0.082479
0.19028
0.19009
0.18919
0.18663
0.18137
0.17279
0.16118
0.14774
0.13372
0.11896
0.10033
0.070887
0.020284
-0.063423
-0.19093
-0.36832
-0.59385
-0.856
-1.1341
-1.4027
-1.6383
-1.8272
-1.9681
-2.0709
-2.1518
-2.2273
-2.3099
-2.4051
-2.5091
-2.6084
-2.6817
-2.7041
-2.6543
-2.5217
-2.3109
-2.0408
-1.7385
-1.432
-1.1443
-0.89099
-0.67976
-0.51195
-0.38376
-0.28801
-0.21604
-0.15964
-0.11236
-0.070029
-0.030677
0.0059982
0.039343
0.068433
0.092551
0.11135
0.12474
0.13276
0.13544
0.31037
0.30702
0.29691
0.27991
0.25605
0.22578
0.19004
0.15
0.10631
0.057806
0.00026563
-0.074078
-0.17568
-0.31529
-0.50055
-0.73244
-1.0026
-1.2925
-1.5755
-1.8225
-2.0102
-2.1286
-2.1825
-2.1883
-2.1679
-2.1429
-2.1316
-2.1464
-2.1924
-2.2662
-2.3542
-2.4332
-2.4747
-2.4522
-2.3504
-2.1707
-1.9307
-1.6573
-1.3783
-1.117
-0.88869
-0.70019
-0.55094
-0.43477
-0.34283
-0.2663
-0.19839
-0.13506
-0.074788
-0.017833
0.034672
0.081384
0.12114
0.15305
0.1764
0.19067
0.19547
0.44807
0.44122
0.42088
0.38764
0.34258
0.28731
0.2237
0.15336
0.076766
-0.0078871
-0.10555
-0.2244
-0.37441
-0.56457
-0.79927
-1.075
-1.3781
-1.6847
-1.9633
-2.1818
-2.3179
-2.3666
-2.3402
-2.2626
-2.1604
-2.058
-1.9745
-1.9233
-1.9127
-1.9451
-2.016
-2.1119
-2.2088
-2.2756
-2.2821
-2.2097
-2.0582
-1.8447
-1.5967
-1.3427
-1.1059
-0.90056
-0.73115
-0.59419
-0.48154
-0.3842
-0.29509
-0.21012
-0.12804
-0.049524
0.023737
0.089789
0.14678
0.19308
0.22731
0.24834
0.25544
0.58872
0.57852
0.54827
0.49912
0.43298
0.35238
0.26009
0.15834
0.04784
-0.073332
-0.21034
-0.37122
-0.56511
-0.79917
-1.0751
-1.3858
-1.7131
-2.0274
-2.2904
-2.4659
-2.5339
-2.498
-2.382
-2.2195
-2.0433
-1.8796
-1.7465
-1.6548
-1.6101
-1.6141
-1.6656
-1.7586
-1.8792
-2.0036
-2.0996
-2.135
-2.0897
-1.9633
-1.7738
-1.5496
-1.3197
-1.1062
-0.92086
-0.76477
-0.63202
-0.51423
-0.40425
-0.29793
-0.19414
-0.093915
0.00051452
0.08648
0.16131
0.22255
0.26804
0.29609
0.30557
0.716
0.70299
0.66441
0.60169
0.51712
0.41378
0.29499
0.16355
0.020567
-0.13559
-0.30984
-0.50979
-0.74378
-1.0177
-1.3313
-1.6743
-2.0222
-2.3351
-2.5639
-2.6685
-2.6364
-2.4871
-2.261
-2.0033
-1.7524
-1.5356
-1.3685
-1.258
-1.2051
-1.2073
-1.2603
-1.3589
-1.495
-1.6547
-1.8145
-1.9419
-2.0049
-1.9838
-1.8799
-1.7128
-1.5118
-1.3053
-1.113
-0.94262
-0.79247
-0.65606
-0.52684
-0.40081
-0.27698
-0.15664
-0.042449
0.062279
0.15408
0.22964
0.28601
0.32086
0.33265
0.81658
0.80154
0.75688
0.68396
0.58507
0.4633
0.32211
0.16449
-0.0081138
-0.19704
-0.40694
-0.6452
-0.9199
-1.2364
-1.5923
-1.9712
-2.3357
-2.6274
-2.7838
-2.7686
-2.5898
-2.2926
-1.9369
-1.578
-1.2561
-0.99549
-0.8071
-0.69283
-0.64924
-0.66995
-0.74719
-0.87262
-1.0376
-1.232
-1.4409
-1.6409
-1.8001
-1.8882
-1.8883
-1.8046
-1.6587
-1.4804
-1.2956
-1.1201
-0.95819
-0.80702
-0.66186
-0.51952
-0.3794
-0.243
-0.11315
0.0065242
0.11204
0.19936
0.26479
0.30536
0.3191
0.88462
0.86821
0.81935
0.73915
0.62953
0.49322
0.33332
0.15264
-0.047546
-0.26875
-0.51597
-0.79713
-1.1207
-1.491
-1.8998
-2.3158
-2.6759
-2.8962
-2.9105
-2.7069
-2.332
-1.863
-1.3762
-0.92937
-0.55688
-0.27385
-0.082528
0.021683
0.046199
-0.00075851
-0.11065
-0.2743
-0.48161
-0.72141
-0.98099
-1.2435
-1.4846
-1.6736
-1.7832
-1.801
-1.7351
-1.6093
-1.4519
-1.2852
-1.1208
-0.96127
-0.80546
-0.65223
-0.50205
-0.35678
-0.21907
-0.092155
0.020101
0.11347
0.18379
0.22755
0.24241
0.92344
0.90584
0.8533
0.76659
0.64716
0.49716
0.31912
0.11513
-0.11444
-0.37224
-0.6647
-1.0011
-1.3897
-1.8294
-2.2959
-2.726
-3.0182
-3.0724
-2.8488
-2.3905
-1.7943
-1.164
-0.57971
-0.088385
0.29164
0.56083
0.72883
0.80767
0.80794
0.73768
0.60298
0.40962
0.16509
-0.12015
-0.43255
-0.7559
-1.07
-1.3488
-1.5627
-1.6889
-1.7205
-1.6701
-1.5621
-1.4221
-1.2682
-1.1097
-0.95071
-0.79403
-0.64263
-0.49926
-0.36599
-0.2447
-0.13779
-0.048593
0.018984
0.061276
0.075685
0.94298
0.92367
0.86588
0.77016
0.63759
0.46985
0.26873
0.035172
-0.23217
-0.53828
-0.8919
-1.303
-1.7752
-2.2906
-2.7892
-3.1571
-3.26
-3.0216
-2.4755
-1.7402
-0.95449
-0.22779
0.37728
0.84006
1.1674
1.3789
1.4965
1.538
1.515
1.4333
1.294
1.0966
0.8416
0.53368
0.18386
-0.19102
-0.56993
-0.92806
-1.2368
-1.4685
-1.6051
-1.6463
-1.608
-1.514
-1.3863
-1.2408
-1.0882
-0.93733
-0.79588
-0.66865
-0.55705
-0.46011
-0.37678
-0.30756
-0.25468
-0.22122
-0.20974
0.95316
0.93088
0.86417
0.75354
0.6
0.40497
0.16952
-0.10693
-0.42816
-0.802
-1.2387
-1.7446
-2.3069
-2.8705
-3.3152
-3.4753
-3.2303
-2.5953
-1.7117
-0.76201
0.10622
0.8108
1.3298
1.6806
1.898
2.0184
2.0707
2.074
2.0376
1.9629
1.8454
1.6773
1.4505
1.1604
0.80999
0.41224
-0.011207
-0.43324
-0.82364
-1.1516
-1.3917
-1.5321
-1.578
-1.5472
-1.462
-1.3427
-1.2074
-1.073
-0.9544
-0.86043
-0.79203
-0.74382
-0.70847
-0.68073
-0.65901
-0.64457
-0.63945
0.95585
0.92883
0.848
0.71408
0.52832
0.29211
0.0058357
-0.33278
-0.72996
-1.1952
-1.7358
-2.3432
-2.9678
-3.4893
-3.7168
-3.4796
-2.7615
-1.7245
-0.60446
0.40215
1.1886
1.7331
2.0688
2.2512
2.3346
2.3608
2.3564
2.3354
2.3016
2.2521
2.1779
2.0663
1.902
1.6713
1.3659
0.98902
0.5576
0.099484
-0.35152
-0.7601
-1.0944
-1.333
-1.4699
-1.5145
-1.4857
-1.4057
-1.2991
-1.1924
-1.1103
-1.0683
-1.0675
-1.0963
-1.1378
-1.1774
-1.2067
-1.2236
-1.229
0.93957
0.90586
0.80513
0.63848
0.40762
0.11405
-0.24243
-0.66545
-1.1623
-1.7396
-2.3914
-3.0743
-3.6727
-3.9802
-3.7741
-2.9895
-1.8002
-0.50393
0.64051
1.4952
2.0405
2.3314
2.4496
2.47
2.4465
2.4108
2.378
2.3531
2.3349
2.3178
2.2926
2.2455
2.1586
2.0117
1.7864
1.4729
1.0768
0.62092
0.14006
-0.32567
-0.73761
-1.0652
-1.292
-1.4176
-1.4547
-1.4247
-1.3573
-1.289
-1.2571
-1.286
-1.3776
-1.5125
-1.6607
-1.7943
-1.8953
-1.9564
-1.9766
0.87992
0.8376
0.71119
0.50231
0.21319
-0.1544
-0.60089
-1.1298
-1.7454
-2.4421
-3.1821
-3.8578
-4.2591
-4.1165
-3.2969
-1.9658
-0.48699
0.80267
1.7242
2.2603
2.4936
2.5375
2.4899
2.4146
2.3445
2.292
2.2592
2.2438
2.2423
2.2504
2.2615
2.2655
2.2465
2.1828
2.0492
1.8241
1.4984
1.0828
0.60749
0.11421
-0.35237
-0.75313
-1.0614
-1.2666
-1.3734
-1.4004
-1.3804
-1.3603
-1.3913
-1.5084
-1.7149
-1.9816
-2.2624
-2.5127
-2.7028
-2.8189
-2.8576
0.74375
0.69094
0.53325
0.27284
-0.08739
-0.54505
-1.0995
-1.7506
-2.4913
-3.287
-4.04
-4.5465
-4.5053
-3.6998
-2.2523
-0.58522
0.86919
1.8748
2.4118
2.5934
2.5696
2.4626
2.3459
2.2514
2.186
2.1464
2.1266
2.122
2.1298
2.1481
2.175
2.2055
2.2294
2.2281
2.1751
2.0408
1.8019
1.4536
1.0149
0.52405
0.028748
-0.42485
-0.80062
-1.0779
-1.2528
-1.3391
-1.3719
-1.4081
-1.5132
-1.7334
-2.0719
-2.4882
-2.9177
-3.2981
-3.5871
-3.7642
-3.8234
0.49231
0.42724
0.23301
-0.087595
-0.53067
-1.0921
-1.767
-2.5445
-3.3913
-4.2187
-4.8364
-4.9327
-4.2068
-2.6911
-0.8363
0.81563
1.9454
2.5157
2.6677
2.5903
2.4346
2.2862
2.1766
2.1069
2.0676
2.0483
2.0415
2.0433
2.0523
2.0691
2.095
2.1303
2.1708
2.2043
2.2078
2.149
1.9946
1.7244
1.3424
0.87829
0.37836
-0.1068
-0.53324
-0.87094
-1.1075
-1.2515
-1.3395
-1.4382
-1.6269
-1.9609
-2.4412
-3.013
-3.5932
-4.1032
-4.4898
-4.7268
-4.8062
0.082407
0.0037328
-0.23106
-0.61837
-1.1525
-1.825
-2.6208
-3.5059
-4.3987
-5.1263
-5.3856
-4.8135
-3.3078
-1.2842
0.60634
1.9244
2.5844
2.7424
2.628
2.429
2.2505
2.1279
2.0576
2.0234
2.0098
2.0064
2.0076
2.0112
2.0173
2.0276
2.045
2.0727
2.1118
2.157
2.1914
2.1854
2.1008
1.905
1.5871
1.1646
0.67848
0.18048
-0.27979
-0.66445
-0.95322
-1.15
-1.2934
-1.4594
-1.7392
-2.1931
-2.8148
-3.5339
-4.2503
-4.8735
-5.3438
-5.632
-5.7286
-0.53102
-0.62366
-0.90011
-1.3557
-1.9812
-2.7596
-3.6558
-4.5942
-5.4196
-5.8509
-5.4986
-4.1109
-1.9749
0.18873
1.7801
2.6128
2.8297
2.6989
2.4569
2.2421
2.1015
2.0287
2.0001
1.9941
1.9969
2.0018
2.0058
2.0087
2.011
2.0147
2.0228
2.0396
2.0694
2.1122
2.1582
2.1831
2.1488
2.0151
1.758
1.3824
0.92109
0.42424
-0.055366
-0.47375
-0.80422
-1.0474
-1.2449
-1.4821
-1.8582
-2.4318
-3.184
-4.0273
-4.8492
-5.5548
-6.0837
-6.4072
-6.5157
-1.3881
-1.4935
-1.8078
-2.3249
-3.0296
-3.8895
-4.8359
-5.731
-6.323
-6.2293
-5.0803
-2.9438
-0.5072
1.4507
2.5688
2.9252
2.8129
2.5293
2.2659
2.0951
2.0125
1.9864
1.9873
1.9967
2.0062
2.0128
2.0164
2.0176
2.0171
2.0163
2.0177
2.0253
2.0447
2.0795
2.1258
2.1653
2.1631
2.0758
1.8698
1.5385
1.1061
0.61887
0.13091
-0.3097
-0.67174
-0.95469
-1.2052
-1.5168
-1.9913
-2.6776
-3.5381
-4.469
-5.3531
-6.0994
-6.6542
-6.9927
-7.1062
-2.5149
-2.6295
-2.9715
-3.5324
-4.2879
-5.1814
-6.0954
-6.8113
-6.9762
-6.1624
-4.1913
-1.5563
0.83951
2.3825
3.0001
2.9721
2.6606
2.3338
2.1125
2.0058
1.9754
1.9809
1.9965
2.0106
2.0201
2.0252
2.0271
2.0269
2.025
2.0221
2.0198
2.0215
2.0327
2.0592
2.101
2.1452
2.161
2.1049
1.9375
1.6431
1.2379
0.76404
0.27496
-0.17877
-0.56371
-0.88096
-1.184
-1.5727
-2.144
-2.9279
-3.8638
-4.836
-5.7314
-6.4723
-7.0175
-7.3492
-7.4603
-3.9143
-4.0326
-4.3852
-4.9606
-5.7214
-6.5779
-7.3505
-7.7309
-7.2893
-5.6602
-3.0046
-0.1753
1.9356
2.9857
3.1597
2.8644
2.466
2.1666
2.012
1.9644
1.9702
1.9918
2.0114
2.0241
2.0307
2.0333
2.0337
2.0327
2.0305
2.0271
2.0234
2.0221
2.0283
2.0484
2.0849
2.1287
2.1528
2.115
1.9733
1.7061
1.3232
0.86241
0.37627
-0.083995
-0.48522
-0.83333
-1.19
-1.6573
-2.3183
-3.1759
-4.1458
-5.1077
-5.9625
-6.6535
-7.1561
-7.4606
-7.5625
-5.5635
-5.6777
-6.0181
-6.5691
-7.2764
-8.0095
-8.5191
-8.4142
-7.242
-4.8213
-1.7034
1.0617
2.7523
3.3174
3.1411
2.689
2.2832
2.0452
1.9571
1.9535
1.9797
2.0065
2.0243
2.0333
2.0365
2.037
2.0363
2.0351
2.0331
2.03
2.0262
2.0238
2.0275
2.0438
2.0761
2.1174
2.1434
2.1139
1.9862
1.7357
1.368
0.91788
0.43639
-0.026038
-0.43938
-0.81746
-1.2301
-1.7751
-2.512
-3.4108
-4.3677
-5.2679
-6.0356
-6.6395
-7.0725
-7.3337
-7.4211
-7.4166
-7.5181
-7.8202
-8.3024
-8.8908
-9.4096
-9.5396
-8.8297
-6.8745
-3.7712
-0.41921
2.0983
3.3156
3.4504
3.0229
2.5011
2.1351
1.9669
1.9331
1.9579
1.9931
2.0192
2.0331
2.0382
2.0387
2.0377
2.0364
2.0352
2.0335
2.0309
2.0276
2.0254
2.0287
2.0434
2.073
2.111
2.1346
2.1053
1.9813
1.7373
1.3774
0.9344
0.45782
-0.0043135
-0.42822
-0.838
-1.3091
-1.9267
-2.7174
-3.6179
-4.5137
-5.3068
-5.9511
-6.4414
-6.787
-6.9942
-7.0635
-9.4152
-9.4952
-9.7326
-10.102
-10.507
-10.727
-10.38
-8.9848
-6.2547
-2.6149
0.77466
2.929
3.6733
3.4517
2.8612
2.3305
2.0254
1.9209
1.9265
1.9674
2.0052
2.0283
2.0384
2.0405
2.0391
2.0371
2.0355
2.0343
2.0328
2.0307
2.0282
2.027
2.0312
2.0461
2.0742
2.1083
2.126
2.0899
1.9606
1.7142
1.355
0.9154
0.44326
-0.01785
-0.45345
-0.89876
-1.4294
-2.1078
-2.9219
-3.7803
-4.5707
-5.2221
-5.7201
-6.0831
-6.3331
-6.4817
-6.5314
-11.5
-11.55
-11.7
-11.916
-12.082
-11.932
-11.032
-8.9075
-5.4478
-1.4233
1.8471
3.5733
3.8758
3.3745
2.6916
2.1887
1.9483
1.8953
1.9275
1.9767
2.0141
2.0343
2.0415
2.0415
2.039
2.0363
2.0344
2.0331
2.0318
2.0302
2.0287
2.0292
2.0354
2.0516
2.0786
2.1077
2.1156
2.0665
1.9239
1.6671
1.3028
0.86365
0.39514
-0.065945
-0.51692
-1.0023
-1.5895
-2.3084
-3.1082
-3.8809
-4.5307
-5.0198
-5.3635
-5.5979
-5.7533
-5.8444
-5.8748
-13.621
-13.637
-13.678
-13.71
-13.592
-13.016
-11.508
-8.6287
-4.5018
-0.23688
2.792
4.0603
3.9674
3.2572
2.5338
2.0769
1.8951
1.8806
1.9296
1.983
2.0195
2.0379
2.0435
2.0425
2.0393
2.0362
2.034
2.0325
2.0313
2.0304
2.0303
2.0331
2.0419
2.0596
2.0848
2.1064
2.1002
2.0319
1.8691
1.5959
1.2222
0.7814
0.3154
-0.14854
-0.62041
-1.1489
-1.7825
-2.5128
-3.2566
-3.9058
-4.3929
-4.7145
-4.9095
-5.0247
-5.0939
-5.1329
-5.1458
-15.749
-15.724
-15.644
-15.466
-15.029
-13.982
-11.819
-8.1698
-3.4454
0.92381
3.6148
4.4189
3.9841
3.1261
2.3973
1.9912
1.8574
1.8699
1.9292
1.985
2.0216
2.0396
2.0451
2.0441
2.0408
2.0375
2.035
2.0333
2.0325
2.0325
2.0343
2.0397
2.0512
2.0695
2.0906
2.1009
2.0752
1.9819
1.7933
1.4993
1.1139
0.67052
0.20527
-0.2662
-0.76472
-1.3345
-1.9955
-2.7005
-3.3481
-3.8468
-4.1646
-4.3281
-4.391
-4.4041
-4.4006
-4.3959
-4.3942
-17.874
-17.805
-17.593
-17.187
-16.402
-14.843
-11.976
-7.5375
-2.2923
2.0489
4.325
4.6749
3.9536
2.9981
2.2854
1.9266
1.8285
1.8582
1.9237
1.9818
2.0198
2.0394
2.0464
2.0464
2.0438
2.0406
2.0382
2.0368
2.0365
2.0379
2.0418
2.0497
2.0626
2.0791
2.0922
2.0858
2.035
1.9113
1.6931
1.3764
0.97895
0.53259
0.065296
-0.41943
-0.94793
-1.5495
-2.2092
-2.849
-3.3679
-3.7043
-3.8615
-3.8875
-3.8421
-3.7744
-3.7145
-3.676
-3.663
-20.01
-19.894
-19.54
-18.891
-17.729
-15.609
-11.974
-6.7236
-1.0475
3.1318
4.9313
4.8497
3.8969
2.8844
2.1984
1.8784
1.8036
1.8425
1.9114
1.9719
2.013
2.036
2.0463
2.0489
2.0479
2.0459
2.0442
2.0434
2.0442
2.0471
2.0527
2.0617
2.0734
2.0839
2.0834
2.0544
1.973
1.8153
1.5659
1.2271
0.81873
0.36897
-0.1042
-0.60712
-1.1631
-1.7771
-2.4
-2.9384
-3.3096
-3.4881
-3.5057
-3.4219
-3.2952
-3.1691
-3.069
-3.0067
-2.9857
-22.191
-22.025
-21.521
-20.608
-19.033
-16.285
-11.793
-5.7068
0.28577
4.1646
5.44
4.9606
3.8302
2.7925
2.1362
1.8433
1.7798
1.8208
1.8904
1.9535
1.999
2.0273
2.0425
2.0494
2.0516
2.0519
2.0518
2.0524
2.0544
2.0583
2.0642
2.0716
2.0779
2.0768
2.0564
1.9989
1.8831
1.6898
1.4106
1.0523
0.63511
0.18095
-0.30198
-0.8243
-1.3967
-1.9949
-2.545
-2.9567
-3.1778
-3.2166
-3.1234
-2.9597
-2.7779
-2.614
-2.4886
-2.4113
-2.3853
-24.475
-24.255
-23.585
-22.38
-20.335
-16.86
-11.392
-4.4589
1.6992
5.1344
5.8549
5.0229
3.7673
2.7283
2.0992
1.8204
1.7563
1.7922
1.8592
1.9239
1.9744
2.0092
2.0311
2.0438
2.0508
2.0546
2.0571
2.0595
2.0624
2.0659
2.0695
2.0713
2.0668
2.0479
2.0019
1.9119
1.7601
1.5331
1.2279
0.85438
0.43043
-0.029421
-0.52388
-1.0601
-1.6287
-2.179
-2.6273
-2.9027
-2.987
-2.9138
-2.741
-2.5256
-2.3113
-2.1269
-1.9884
-1.9034
-1.8748
-26.935
-26.652
-25.793
-24.25
-21.65
-17.301
-10.707
-2.9535
3.1729
6.0225
6.1785
5.051
3.7208
2.698
2.0897
1.8116
1.735
1.7575
1.8168
1.8806
1.9351
1.9765
2.0057
2.0254
2.0383
2.0467
2.0523
2.0563
2.0589
2.0599
2.0578
2.0493
2.0287
1.9869
1.9115
1.7878
1.602
1.3459
1.0207
0.63675
0.20785
-0.25787
-0.76081
-1.2973
-1.8363
-2.3101
-2.6416
-2.788
-2.7602
-2.6061
-2.3828
-2.1392
-1.9104
-1.7183
-1.5755
-1.4881
-1.4587
-29.659
-29.301
-28.215
-26.261
-22.972
-17.545
-9.6554
-1.1775
4.671
6.8058
6.4156
5.0615
3.7038
2.7089
2.1134
1.8227
1.7214
1.7206
1.7647
1.8221
1.877
1.9231
1.959
1.9855
2.0045
2.0176
2.026
2.0306
2.0312
2.027
2.0155
1.9927
1.9521
1.8848
1.7795
1.6244
1.4099
1.1318
0.79337
0.40377
-0.027664
-0.49622
-0.99824
-1.5155
-1.9996
-2.3794
-2.5956
-2.6337
-2.5242
-2.3191
-2.0696
-1.8157
-1.5847
-1.3934
-1.2519
-1.1654
-1.1364
-32.744
-32.293
-30.919
-28.443
-24.272
-17.491
-8.1483
0.85502
6.14
7.4611
6.5766
5.0743
3.7309
2.7709
2.1798
1.8646
1.7266
1.6909
1.7088
1.7506
1.799
1.8448
1.884
1.9152
1.9388
1.9554
1.9654
1.969
1.9656
1.9536
1.9302
1.8907
1.8289
1.7366
1.6045
1.4238
1.1881
0.89613
0.55156
0.16133
-0.26823
-0.73199
-1.2185
-1.6961
-2.1081
-2.3912
-2.5084
-2.4669
-2.3064
-2.0761
-1.8191
-1.5672
-1.3416
-1.1559
-1.0186
-0.93444
-0.90614
-36.291
-35.717
-33.969
-30.806
-25.479
-16.999
-6.1079
3.0917
7.5129
7.9726
6.682
5.1143
3.8197
2.8982
2.3049
1.9559
1.7702
1.6867
1.6647
1.6774
1.7072
1.7429
1.7781
1.8088
1.8332
1.8504
1.8597
1.8604
1.8512
1.83
1.7936
1.7377
1.6563
1.5428
1.3898
1.1912
0.94324
0.64573
0.30207
-0.082619
-0.50285
-0.95024
-1.4052
-1.8279
-2.1629
-2.3609
-2.4051
-2.315
-2.1312
-1.8969
-1.6469
-1.4059
-1.1908
-1.013
-0.88065
-0.79914
-0.77163
-40.397
-39.658
-37.409
-33.329
-26.474
-15.889
-3.4954
5.4381
8.7201
8.341
6.7655
5.2118
3.9909
3.11
2.5117
2.1245
1.8835
1.7407
1.6636
1.6299
1.6237
1.6335
1.6511
1.6706
1.6879
1.7
1.7046
1.6998
1.6833
1.6525
1.6042
1.5341
1.4374
1.3086
1.1424
0.93467
0.68316
0.38837
0.053131
-0.31817
-0.71911
-1.1374
-1.5479
-1.9097
-2.1747
-2.3091
-2.3094
-2.1996
-2.0166
-1.7965
-1.567
-1.3467
-1.1484
-0.98201
-0.85602
-0.77737
-0.75063
-45.146
-44.188
-41.266
-35.952
-27.079
-13.964
-0.33567
7.7653
9.7063
8.5925
6.8735
5.4004
4.2696
3.4327
2.8325
2.4095
2.1124
1.9041
1.7598
1.6623
1.5995
1.5615
1.5405
1.5299
1.5243
1.5189
1.51
1.4938
1.4669
1.426
1.3672
1.2866
1.18
1.0429
0.87163
0.66327
0.41671
0.13274
-0.18596
-0.53483
-0.90596
-1.2844
-1.6439
-1.9474
-2.1576
-2.2529
-2.2362
-2.1307
-1.9687
-1.7807
-1.5893
-1.4071
-1.241
-1.0973
-0.9844
-0.91175
-0.88663
-50.619
-49.365
-45.538
-38.566
-27.043
-11.034
3.2682
9.9315
10.45
8.7821
7.0607
5.715
4.6843
3.8992
3.3078
2.8608
2.5171
2.2478
2.0339
1.8632
1.7271
1.6192
1.5342
1.4669
1.4125
1.3663
1.3238
1.2804
1.2317
1.1735
1.1012
1.0105
0.89725
0.75743
0.58791
0.38659
0.1528
-0.11244
-0.40638
-0.724
-1.0565
-1.3886
-1.6964
-1.9501
-2.1223
-2.1994
-2.186
-2.1023
-1.9774
-1.8411
-1.7144
-1.604
-1.5058
-1.4153
-1.3367
-1.2816
-1.2616
-56.905
-55.254
-50.213
-41.006
-26.03
-6.9576
7.1405
11.813
10.979
8.9897
7.3817
6.1882
5.2658
4.5458
3.9818
3.5323
3.1638
2.8528
2.5839
2.3476
2.1383
1.9523
1.787
1.6401
1.5092
1.3915
1.284
1.1831
1.0851
0.98591
0.88105
0.76611
0.63674
0.48894
0.31946
0.12608
-0.09204
-0.33415
-0.59769
-0.87773
-1.1658
-1.4486
-1.7069
-1.9188
-2.0655
-2.1379
-2.1399
-2.0884
-2.0128
-1.949
-1.925
-1.9446
-1.985
-2.0157
-2.0223
-2.0141
-2.0085
-64.148
-61.963
-55.28
-43.037
-23.58
-1.6793
11.058
13.336
11.377
9.307
7.8826
6.8473
6.0412
5.4027
4.8895
4.466
4.1047
3.7853
3.4944
3.2235
2.9676
2.7241
2.4915
2.2694
2.0573
1.8549
1.6614
1.4759
1.2969
1.1226
0.95064
0.77823
0.6024
0.4201
0.22862
0.025873
-0.18922
-0.41646
-0.65404
-0.89821
-1.1427
-1.3779
-1.5918
-1.7712
-1.9053
-1.9886
-2.0225
-2.0196
-2.0105
-2.0451
-2.1741
-2.4119
-2.7134
-2.9952
-3.1923
-3.2938
-3.3229
-72.616
-69.702
-60.755
-44.284
-19.085
4.7395
14.789
14.512
11.781
9.824
8.5977
7.7114
7.0249
6.4804
6.0386
5.669
5.3484
5.0596
4.7904
4.5325
4.2806
4.0313
3.7827
3.5338
3.2841
3.0337
2.7829
2.532
2.2818
2.0329
1.7857
1.5409
1.2987
1.0593
0.82252
0.5885
0.35737
0.1296
-0.093977
-0.31212
-0.52325
-0.72559
-0.91765
-1.0986
-1.268
-1.4244
-1.564
-1.6864
-1.8127
-2.0068
-2.3637
-2.9439
-3.6969
-4.4552
-5.0386
-5.3711
-5.4741
-82.839
-78.883
-66.673
-44.039
-11.788
12.092
18.144
15.461
12.373
10.623
9.5564
8.7928
8.2134
7.7601
7.396
7.0946
6.8365
6.6073
6.3968
6.1974
6.0038
5.8122
5.6196
5.4235
5.2223
5.0144
4.7988
4.5751
4.3433
4.1045
3.8602
3.6128
3.3653
3.1213
2.8841
2.6572
2.443
2.2429
2.0561
1.8791
1.7046
1.5212
1.3129
1.0617
0.75176
0.37621
-0.056057
-0.52124
-1.0033
-1.5463
-2.29
-3.3979
-4.8815
-6.4825
-7.7987
-8.5832
-8.8313
-95.84
-90.286
-72.998
-40.787
-0.91928
20.018
21.044
16.46
13.381
11.798
10.808
10.113
9.5985
9.2061
8.8993
8.6539
8.4532
8.2859
8.1439
8.0219
7.916
7.8233
7.7413
7.6675
7.5996
7.5349
7.471
7.4055
7.3364
7.2626
7.1839
7.1013
7.017
6.9346
6.858
6.7914
6.7374
6.6959
6.6622
6.6249
6.5641
6.4504
6.2454
5.9058
5.3909
4.6725
3.7459
2.6385
1.403
0.068251
-1.4622
-3.4494
-6.0906
-9.1253
-11.795
-13.443
-13.967
-113.43
-105.18
-79.193
-31.495
13.995
28.049
23.672
18.01
15.099
13.51
12.468
11.739
11.206
10.807
10.502
10.266
10.084
9.9443
9.8419
9.7734
9.7379
9.7349
9.7648
9.8274
9.9225
10.049
10.205
10.389
10.598
10.828
11.078
11.344
11.625
11.92
12.228
12.548
12.879
13.214
13.543
13.845
14.09
14.235
14.224
13.991
13.468
12.586
11.29
9.5444
7.3434
4.7003
1.5971
-2.1218
-6.7652
-12.293
-17.556
-20.952
-22.026
-138.71
-125.4
-82.535
-11.36
32.746
35.812
26.761
20.898
17.946
16.072
14.774
13.836
13.142
12.62
12.223
11.918
11.684
11.508
11.383
11.307
11.28
11.306
11.388
11.531
11.739
12.015
12.363
12.784
13.278
13.845
14.481
15.183
15.943
16.755
17.61
18.499
19.409
20.327
21.234
22.108
22.919
23.629
24.189
24.537
24.592
24.256
23.403
21.879
19.493
16.006
11.088
4.3255
-4.4827
-15.036
-25.892
-33.464
-35.845
-178.79
-153.98
-72.435
25.027
54.313
43.654
31.987
26.105
22.518
19.968
18.085
16.666
15.59
14.77
14.144
13.661
13.287
12.997
12.777
12.62
12.526
12.498
12.542
12.669
12.886
13.203
13.631
14.178
14.851
15.655
16.593
17.661
18.855
20.164
21.572
23.06
24.605
26.183
27.771
29.349
30.902
32.417
33.889
35.306
36.644
37.844
38.794
39.295
39.007
37.381
33.495
25.696
11.286
-10.881
-36.364
-56.533
-63.033
-248.01
-190.8
-18.542
81.605
77.082
54.043
41.509
34.427
29.402
25.615
22.689
20.421
18.672
17.332
16.31
15.526
14.919
14.444
14.069
13.775
13.556
13.411
13.346
13.373
13.503
13.752
14.136
14.67
15.37
16.249
17.318
18.582
20.04
21.685
23.498
25.455
27.525
29.673
31.868
34.089
36.331
38.614
40.984
43.512
46.288
49.41
52.96
56.974
61.374
65.821
69.413
69.958
61.891
31.407
-32.799
-99.97
-124.27
-408.09
-180.08
133.22
154.08
100.84
71.117
55.728
45.645
38.29
32.661
28.26
24.817
22.147
20.103
18.551
17.374
16.474
15.774
15.218
14.77
14.409
14.129
13.931
13.826
13.827
13.953
14.222
14.657
15.278
16.106
17.161
18.456
19.998
21.786
23.805
26.031
28.426
30.949
33.559
36.224
38.937
41.724
44.656
47.857
51.506
55.846
61.196
67.98
76.768
88.327
103.57
123.1
145.14
156.63
93.33
-144.67
-292.88
-862.76
373.5
412.15
214.91
130.02
92.162
70.821
56.761
46.72
39.141
33.26
28.672
25.121
22.409
20.361
18.823
17.659
16.763
16.056
15.482
15.01
14.624
14.322
14.111
14.005
14.022
14.183
14.514
15.038
15.782
16.769
18.02
19.548
21.357
23.439
25.77
28.313
31.021
33.844
36.743
39.697
42.725
45.893
49.333
53.248
57.929
63.784
71.397
81.663
96.043
117.12
149.83
204.22
299.69
453.56
353.81
-806.65
0
-862.76
-2014.7
-2294.2
-2395.2
-2439.8
-2464.8
-2480.9
-2492.3
-2500.7
-2507.3
-2512.4
-2516.3
-2519.3
-2521.5
-2523.2
-2524.5
-2525.5
-2526.2
-2526.9
-2527.4
-2527.8
-2528.1
-2528.4
-2528.5
-2528.6
-2528.5
-2528.2
-2527.7
-2527
-2526
-2524.8
-2523.3
-2521.5
-2519.4
-2517
-2514.5
-2511.7
-2508.8
-2505.9
-2502.8
-2499.7
-2496.5
-2493
-2489.1
-2484.4
-2478.5
-2470.9
-2460.5
-2445.9
-2424.3
-2390.2
-2331
-2215.2
-1917.3
-806.65
0
