0
0.39917
-2.2829
-4.8519
-2.5079
-0.14693
0.44844
0.12756
0
0.39917
-0.33389
-0.41926
-1.3323
-2.3158
-1.6832
-0.079546
0.023002
0.12756
1.6961
-1.9661
-0.092779
0.66242
0.48547
-0.17754
-1.5564
-0.33594
0.78525
0.54776
-3.7209
0.65654
1.2849
1.1123
0.95916
0.48766
-0.86255
-3.4914
-8.6968
-2.642
1.5774
1.5238
1.3255
0.61252
0.15917
-1.6309
-3.0047
-22.035
1.1492
2.2509
1.1532
1.5852
1.1561
0.2431
-1.9895
-0.89578
-30.591
5.4816
2.5034
0.23455
1.0038
-0.47189
-1.806
-2.9181
4.1334
-26.116
12.086
8.173
7.2297
6.5847
6.485
7.0799
5.2756
-9.7031
0
-26.116
-37.952
-37.18
-35.718
-28.071
-20.996
-9.7031
0
