0
7.4718e-05
-0.000887
-0.0043724
-0.0079282
-0.0059866
0.0077882
0.038697
0.090112
0.16339
0.2583
0.37373
0.50816
0.6597
0.82547
1.0002
1.1747
1.3333
1.4535
1.505
1.4525
1.2609
0.90355
0.3716
-0.31812
-1.121
-1.9697
-2.7855
-3.4924
-4.0296
-4.36
-4.4723
-4.3792
-4.1116
-3.7122
-3.2281
-2.7049
-2.1822
-1.6904
-1.2499
-0.87176
-0.55876
-0.30801
-0.11283
0.035286
0.14513
0.22445
0.27907
0.31265
0.32715
0.32374
0.30389
0.27011
0.22616
0.17685
0.12735
0.08247
0.045937
0.019885
0.0045496
-0.0017495
-0.0022393
-0.00074088
1.4684e-05
0
7.4718e-05
-0.00019789
-0.001015
-0.0035198
-0.0059291
-0.003166
0.01089
0.041512
0.092146
0.16425
0.25769
0.37139
0.5038
0.65294
0.81583
0.98711
1.1574
1.3114
1.4266
1.4734
1.4174
1.2245
0.86905
0.34289
-0.33725
-1.1277
-1.9629
-2.7661
-3.4632
-3.9948
-4.3241
-4.4396
-4.3529
-4.0936
-3.7031
-3.2275
-2.7114
-2.1941
-1.706
-1.2675
-0.88997
-0.57662
-0.32487
-0.12833
0.021271
0.13256
0.21317
0.2689
0.30342
0.31874
0.31616
0.29721
0.26445
0.22168
0.17365
0.12545
0.081797
0.046305
0.020994
0.0060026
-0.00040182
-0.0014024
-0.00057749
-0.00013345
1.4684e-05
-0.00088699
-0.0010151
-0.0010543
-0.0011209
-0.00043047
0.0046936
0.01963
0.04949
0.097892
0.16658
0.25569
0.36424
0.49062
0.63263
0.78691
0.9478
1.1058
1.2458
1.3462
1.3792
1.3128
1.1161
0.76642
0.25748
-0.39419
-1.1478
-1.9427
-2.7084
-3.3765
-3.8913
-4.2175
-4.3424
-4.2746
-4.0401
-3.6763
-3.2257
-2.7309
-2.2298
-1.7524
-1.3199
-0.94429
-0.6299
-0.37517
-0.17459
-0.020563
0.095032
0.17951
0.23854
0.27585
0.29368
0.29356
0.27731
0.24764
0.20836
0.16411
0.11976
0.079694
0.047214
0.024011
0.0099572
0.0032054
0.00079655
-6.1822e-05
-0.0005775
-0.00074086
-0.0043752
-0.0035211
-0.0011184
0.0024962
0.0075292
0.016161
0.032552
0.061363
0.10634
0.16963
0.25175
0.3519
0.46839
0.59863
0.73873
0.88253
1.0203
1.1374
1.2138
1.2243
1.1412
0.93841
0.59822
0.11739
-0.48791
-1.1814
-1.9107
-2.6152
-3.2356
-3.7227
-4.0432
-4.183
-4.146
-3.9519
-3.6316
-3.2223
-2.7626
-2.2882
-1.8288
-1.4061
-1.0337
-0.71765
-0.45807
-0.25088
-0.08959
0.033083
0.12394
0.18844
0.23042
0.25244
0.25647
0.24473
0.22016
0.1866
0.14849
0.11029
0.075931
0.048152
0.028155
0.015457
0.0081792
0.0038768
0.00079595
-0.0014027
-0.0022393
-0.0079342
-0.0059254
-0.00040583
0.007563
0.017366
0.029901
0.047968
0.075458
0.11605
0.17224
0.24497
0.33368
0.43655
0.55054
0.67108
0.79139
0.90152
0.98757
1.0315
1.0118
0.90643
0.69594
0.36887
-0.074106
-0.61736
-1.2306
-1.872
-2.4938
-3.049
-3.4969
-3.8077
-3.9655
-3.9685
-3.8282
-3.5669
-3.2142
-2.803
-2.366
-1.9319
-1.5234
-1.156
-0.83808
-0.5721
-0.35597
-0.18479
-0.052421
0.047222
0.11932
0.16784
0.19578
0.20567
0.20024
0.18273
0.15698
0.12712
0.09711
0.070203
0.048474
0.032551
0.021655
0.01409
0.0081791
0.0032018
-0.00040666
-0.0017543
-0.0059034
-0.0030621
0.0048381
0.016317
0.029999
0.045657
0.064783
0.090282
0.12547
0.17299
0.23413
0.30853
0.39422
0.48764
0.58347
0.67425
0.74996
0.79769
0.80197
0.74612
0.61448
0.3955
0.084792
-0.31273
-0.78223
-1.3001
-1.8366
-2.3585
-2.8327
-3.229
-3.5227
-3.6969
-3.7441
-3.6667
-3.4767
-3.1941
-2.8446
-2.4561
-2.0558
-1.667
-1.3074
-0.98826
-0.71499
-0.4881
-0.30476
-0.16032
-0.049626
0.032137
0.089079
0.12469
0.14218
0.14485
0.13625
0.12019
0.10042
0.080278
0.062251
0.047699
0.036739
0.028487
0.021677
0.015465
0.0099445
0.005977
0.00452
0.008385
0.011495
0.020225
0.033043
0.048225
0.064771
0.08309
0.10506
0.13336
0.1705
0.21787
0.27518
0.34026
0.40896
0.47521
0.53101
0.56643
0.56997
0.52943
0.43346
0.27364
0.04647
-0.24537
-0.59305
-0.98285
-1.398
-1.8204
-2.2313
-2.6118
-2.9432
-3.2076
-3.3893
-3.4767
-3.4636
-3.3516
-3.1496
-2.874
-2.5461
-2.1899
-1.8285
-1.4815
-1.1636
-0.88346
-0.64492
-0.44775
-0.28923
-0.16541
-0.071999
-0.0047751
0.040288
0.067111
0.079598
0.08163
0.076924
0.068803
0.059915
0.051994
0.04575
0.040958
0.036843
0.032654
0.028201
0.023992
0.020928
0.019804
0.040848
0.043584
0.051284
0.062608
0.075889
0.089838
0.1042
0.11997
0.13913
0.16372
0.19496
0.23242
0.27356
0.31366
0.34599
0.36218
0.35281
0.30829
0.22022
0.082983
-0.10464
-0.33865
-0.61028
-0.90774
-1.2188
-1.5327
-1.8414
-2.1383
-2.4174
-2.6713
-2.8903
-3.0628
-3.1761
-3.2187
-3.1825
-3.0655
-2.8732
-2.618
-2.3182
-1.9949
-1.6687
-1.3571
-1.0727
-0.82318
-0.61153
-0.43752
-0.29884
-0.19193
-0.11261
-0.056333
-0.018486
0.0054489
0.019648
0.027731
0.032572
0.036158
0.039548
0.042948
0.04597
0.048028
0.048772
0.048332
0.047259
0.046248
0.045844
0.095477
0.097205
0.10201
0.10888
0.11649
0.12369
0.13002
0.13599
0.14289
0.15221
0.1647
0.1795
0.19361
0.20173
0.19664
0.16997
0.11328
0.019441
-0.11583
-0.29246
-0.50517
-0.74382
-0.99519
-1.2459
-1.4853
-1.7076
-1.912
-2.1011
-2.2784
-2.4464
-2.604
-2.7457
-2.8618
-2.9397
-2.9658
-2.9289
-2.8232
-2.6505
-2.4203
-2.1486
-1.855
-1.5586
-1.2758
-1.0183
-0.79315
-0.60326
-0.44851
-0.32654
-0.23342
-0.16425
-0.11379
-0.076932
-0.049219
-0.027122
-0.0081746
0.009042
0.025038
0.039666
0.052446
0.062917
0.070885
0.076484
0.080069
0.08203
0.08265
0.17351
0.17367
0.17391
0.17361
0.17195
0.16825
0.16225
0.15432
0.14536
0.13626
0.12718
0.11666
0.10111
0.074726
0.030081
-0.040755
-0.14473
-0.28613
-0.46505
-0.6763
-0.90937
-1.1497
-1.3815
-1.5909
-1.7692
-1.9141
-2.0297
-2.1242
-2.2078
-2.2894
-2.3752
-2.4666
-2.5597
-2.6452
-2.709
-2.7355
-2.7099
-2.6229
-2.4731
-2.268
-2.0221
-1.7541
-1.4827
-1.2237
-0.98842
-0.78386
-0.61281
-0.47471
-0.36638
-0.28283
-0.21834
-0.16728
-0.12493
-0.087794
-0.053721
-0.021742
0.008234
0.035778
0.06029
0.081265
0.098421
0.11168
0.12109
0.1267
0.12857
0.27288
0.27103
0.26539
0.25575
0.24189
0.22374
0.20155
0.17588
0.1475
0.11688
0.083584
0.045504
-0.0015306
-0.063662
-0.14819
-0.26216
-0.41061
-0.59486
-0.81114
-1.0501
-1.2975
-1.5358
-1.7481
-1.9207
-2.0468
-2.1273
-2.1697
-2.186
-2.1896
-2.1935
-2.2081
-2.24
-2.2911
-2.3578
-2.4304
-2.494
-2.5304
-2.5221
-2.4566
-2.33
-2.1482
-1.9253
-1.6796
-1.4295
-1.191
-0.97546
-0.78946
-0.63514
-0.51073
-0.41168
-0.33203
-0.26579
-0.20794
-0.15495
-0.1049
-0.057117
-0.011861
0.030168
0.068149
0.10136
0.12923
0.15137
0.16744
0.17719
0.18047
0.38796
0.38385
0.37155
0.35124
0.32329
0.28831
0.24717
0.20086
0.15025
0.095627
0.036089
-0.030985
-0.1102
-0.20778
-0.33058
-0.48441
-0.67227
-0.89267
-1.1387
-1.3978
-1.6528
-1.8846
-2.0749
-2.2108
-2.2879
-2.3102
-2.289
-2.2396
-2.1778
-2.1182
-2.0726
-2.0498
-2.0549
-2.0889
-2.1477
-2.2214
-2.2944
-2.3469
-2.3589
-2.3155
-2.2111
-2.0507
-1.8483
-1.6223
-1.3916
-1.172
-0.97486
-0.8058
-0.66546
-0.55042
-0.45497
-0.37294
-0.29907
-0.22975
-0.16314
-0.09879
-0.037247
0.020476
0.073229
0.11992
0.15961
0.19147
0.21479
0.22903
0.23382
0.51002
0.5036
0.48452
0.45326
0.41071
0.35807
0.29682
0.22846
0.15414
0.074165
-0.012572
-0.10898
-0.21982
-0.35117
-0.50916
-0.6983
-0.91967
-1.1695
-1.4383
-1.711
-1.9677
-2.1867
-2.3484
-2.4408
-2.4626
-2.4229
-2.3383
-2.2279
-2.1102
-2.0006
-1.9105
-1.8481
-1.8182
-1.823
-1.8618
-1.9299
-2.0171
-2.1075
-2.1804
-2.2142
-2.1926
-2.1089
-1.9681
-1.7844
-1.5767
-1.3644
-1.1631
-0.9832
-0.82867
-0.69822
-0.58705
-0.48919
-0.39929
-0.31362
-0.23034
-0.14918
-0.070908
0.003113
0.071333
0.13221
0.18432
0.22639
0.25733
0.27626
0.28264
0.62845
0.61993
0.59461
0.55323
0.49698
0.42753
0.34681
0.25675
0.15886
0.053605
-0.060063
-0.18507
-0.32608
-0.48882
-0.67867
-0.89902
-1.1495
-1.4244
-1.7121
-1.994
-2.2461
-2.4427
-2.5623
-2.5952
-2.5458
-2.431
-2.2743
-2.1002
-1.9298
-1.7788
-1.6579
-1.5727
-1.526
-1.5179
-1.5473
-1.6114
-1.7044
-1.8162
-1.9309
-2.0275
-2.0839
-2.083
-2.0184
-1.8955
-1.7292
-1.5393
-1.3451
-1.1614
-0.99681
-0.85309
-0.72738
-0.61446
-0.50917
-0.40779
-0.30848
-0.21105
-0.1165
-0.026474
0.057047
0.13204
0.19658
0.2489
0.28747
0.31113
0.3191
0.73288
0.72264
0.6922
0.64236
0.5745
0.49045
0.3924
0.28255
0.16268
0.033486
-0.10587
-0.25815
-0.4278
-0.62016
-0.8401
-1.0903
-1.3691
-1.6691
-1.9749
-2.2621
-2.4996
-2.656
-2.7096
-2.6566
-2.512
-2.3036
-2.0632
-1.8205
-1.5983
-1.4119
-1.2697
-1.1751
-1.1277
-1.1248
-1.1627
-1.2371
-1.3431
-1.474
-1.6196
-1.764
-1.8865
-1.9652
-1.9836
-1.9363
-1.8298
-1.6804
-1.508
-1.3314
-1.1638
-1.0112
-0.87362
-0.7475
-0.62838
-0.5128
-0.39904
-0.287
-0.17782
-0.073379
0.024022
0.11194
0.18795
0.2498
0.29553
0.32363
0.3331
0.81567
0.80416
0.76989
0.71363
0.63669
0.54088
0.42837
0.30141
0.16189
0.010655
-0.15297
-0.3316
-0.52954
-0.75205
-1.0038
-1.2869
-1.5984
-1.9269
-2.2499
-2.5326
-2.7335
-2.817
-2.7668
-2.593
-2.3265
-2.0082
-1.6779
-1.3679
-1.1001
-0.88678
-0.73314
-0.63916
-0.60178
-0.61611
-0.6763
-0.776
-0.90871
-1.0677
-1.2453
-1.4306
-1.6079
-1.7569
-1.8567
-1.8925
-1.8605
-1.7693
-1.6361
-1.4808
-1.3206
-1.1662
-1.0214
-0.88539
-0.75508
-0.62784
-0.50236
-0.37874
-0.25821
-0.14271
-0.034654
0.063287
0.14833
0.21781
0.26934
0.30105
0.31176
0.87386
0.86144
0.82438
0.76332
0.67938
0.57414
0.44956
0.30773
0.15039
-0.021675
-0.20925
-0.4151
-0.6438
-0.90088
-1.191
-1.5152
-1.8665
-2.2254
-2.5556
-2.8068
-2.9279
-2.8868
-2.6847
-2.3546
-1.9474
-1.5161
-1.1043
-0.74206
-0.44586
-0.22209
-0.070444
0.012985
0.033656
-0.0024403
-0.089058
-0.21955
-0.38671
-0.58272
-0.79927
-1.0271
-1.2544
-1.4651
-1.6395
-1.7581
-1.8086
-1.7899
-1.7128
-1.595
-1.4555
-1.3092
-1.1642
-1.0232
-0.88564
-0.75041
-0.61718
-0.48658
-0.35993
-0.23901
-0.12596
-0.023305
0.066154
0.13953
0.19416
0.22787
0.23927
0.90982
0.8966
0.85707
0.79171
0.70138
0.58735
0.45127
0.29488
0.11956
-0.07437
-0.28827
-0.5256
-0.79171
-1.0925
-1.432
-1.8071
-2.2019
-2.5804
-2.8852
-3.0497
-3.0229
-2.7936
-2.395
-1.8895
-1.3461
-0.82307
-0.3602
0.021651
0.31611
0.52591
0.65811
0.72078
0.72119
0.66519
0.55763
0.40311
0.20704
-0.023615
-0.28014
-0.55246
-0.82924
-1.097
-1.3388
-1.5353
-1.6692
-1.7314
-1.7239
-1.6593
-1.5554
-1.4293
-1.2933
-1.1541
-1.0146
-0.87622
-0.74046
-0.60907
-0.48368
-0.36565
-0.25632
-0.15738
-0.071046
5.9627e-05
0.053247
0.086203
0.097371
0.92988
0.9156
0.87289
0.80205
0.70374
0.57897
0.42907
0.25532
0.05846
-0.16207
-0.40877
-0.68639
-1.0012
-1.3587
-1.759
-2.1895
-2.6156
-2.975
-3.1869
-3.1792
-2.9241
-2.453
-1.841
-1.1771
-0.53789
0.024769
0.48545
0.83922
1.0937
1.262
1.3578
1.3923
1.3732
1.305
1.1898
1.0282
0.82165
0.57338
0.28994
-0.018792
-0.34039
-0.66075
-0.96395
-1.2318
-1.4455
-1.5904
-1.6608
-1.6619
-1.6077
-1.515
-1.399
-1.2701
-1.1352
-0.99955
-0.86755
-0.74304
-0.62839
-0.52439
-0.43088
-0.34771
-0.27551
-0.21585
-0.17089
-0.14284
-0.1333
0.94106
0.92512
0.87737
0.79808
0.68781
0.54744
0.37803
0.18035
-0.045718
-0.30204
-0.5927
-0.92378
-1.3016
-1.7281
-2.1937
-2.6657
-3.0793
-3.3412
-3.3575
-3.0798
-2.5342
-1.8096
-1.0191
-0.26256
0.39346
0.91866
1.3111
1.5861
1.7657
1.8716
1.9213
1.927
1.895
1.8272
1.722
1.5758
1.3845
1.1462
0.86217
0.53918
0.18902
-0.17278
-0.52869
-0.85987
-1.1467
-1.3714
-1.5221
-1.5968
-1.6035
-1.5566
-1.4719
-1.3627
-1.2402
-1.1139
-0.99278
-0.88394
-0.7913
-0.71508
-0.65278
-0.60111
-0.55767
-0.52176
-0.49424
-0.47673
-0.4707
0.94698
0.92843
0.87289
0.78068
0.65244
0.48906
0.29141
0.059761
-0.20708
-0.51244
-0.86186
-1.2617
-1.7153
-2.2151
-2.7309
-3.1975
-3.5119
-3.5586
-3.2645
-2.6458
-1.8051
-0.88411
-0.011216
0.72886
1.3006
1.7073
1.9745
2.1362
2.224
2.263
2.2702
2.2551
2.2213
2.1675
2.089
1.9785
1.8274
1.6278
1.3749
1.069
0.7182
0.33698
-0.055354
-0.43747
-0.78758
-1.085
-1.3134
-1.4643
-1.5391
-1.5479
-1.5047
-1.4248
-1.3226
-1.213
-1.1103
-1.0266
-0.96849
-0.93569
-0.9226
-0.92119
-0.92419
-0.92706
-0.92823
-0.92818
-0.92799
0.94425
0.92199
0.85539
0.74493
0.59145
0.39599
0.15934
-0.1188
-0.4406
-0.81056
-1.2345
-1.7162
-2.2497
-2.8077
-3.3262
-3.6961
-3.7821
-3.4826
-2.7974
-1.8405
-0.78633
0.20199
1.0176
1.6194
2.018
2.2531
2.3726
2.4196
2.4263
2.4138
2.3938
2.3712
2.3463
2.3156
2.2729
2.209
2.1129
1.9723
1.7763
1.5182
1.1988
0.82785
0.42379
0.0099297
-0.38873
-0.748
-1.0471
-1.2717
-1.417
-1.4874
-1.494
-1.4516
-1.3776
-1.2918
-1.2152
-1.1663
-1.1556
-1.1828
-1.2381
-1.3073
-1.3761
-1.4342
-1.4765
-1.5015
-1.5097
0.92135
0.89425
0.81317
0.67885
0.49243
0.25516
-0.032218
-0.3704
-0.76218
-1.212
-1.7231
-2.2908
-2.8903
-3.4604
-3.8897
-4.0268
-3.7389
-3.0006
-1.9319
-0.74239
0.36304
1.2503
1.8718
2.2482
2.4361
2.5002
2.4954
2.4605
2.4185
2.3812
2.3531
2.3345
2.3235
2.3162
2.307
2.2874
2.2464
2.17
2.0433
1.8529
1.591
1.2598
0.87246
0.45144
0.024061
-0.38162
-0.74015
-1.0318
-1.2453
-1.3792
-1.4404
-1.4419
-1.4027
-1.3473
-1.3042
-1.2995
-1.3487
-1.4519
-1.5944
-1.7538
-1.907
-2.0363
-2.1317
-2.1891
-2.2082
0.85995
0.82687
0.72797
0.56424
0.33716
0.048278
-0.3016
-0.71317
-1.1887
-1.73
-2.3323
-2.9734
-3.5955
-4.0887
-4.2904
-4.0367
-3.2674
-2.0975
-0.77132
0.45769
1.4211
2.0623
2.413
2.5499
2.5567
2.5008
2.4262
2.3565
2.3015
2.2631
2.2402
2.2305
2.2314
2.2403
2.2535
2.2654
2.267
2.2456
2.1848
2.0667
1.876
1.6055
1.26
0.85704
0.42352
-0.0098279
-0.41312
-0.76118
-1.0367
-1.2321
-1.3491
-1.3981
-1.3985
-1.3791
-1.3761
-1.4244
-1.545
-1.7384
-1.9841
-2.2501
-2.5029
-2.7162
-2.8742
-2.9699
-3.0018
0.73718
0.69703
0.57702
0.37844
0.10316
-0.24689
-0.67043
-1.1671
-1.7365
-2.3727
-3.0548
-3.7292
-4.2899
-4.5696
-4.3774
-3.6087
-2.3572
-0.89474
0.47016
1.525
2.1983
2.5317
2.6237
2.5787
2.4779
2.3707
2.2804
2.2137
2.1689
2.1421
2.1292
2.1272
2.1345
2.1499
2.1723
2.1993
2.2255
2.2412
2.2315
2.1771
2.0573
1.8563
1.5688
1.2045
0.78607
0.34456
-0.086913
-0.47831
-0.80651
-1.0578
-1.2286
-1.3259
-1.3685
-1.3894
-1.4326
-1.5416
-1.7434
-2.0378
-2.3979
-2.7809
-3.1422
-3.4465
-3.6722
-3.8093
-3.8552
0.52708
0.47881
0.33457
0.095975
-0.2346
-0.65448
-1.161
-1.7508
-2.4163
-3.1364
-3.8616
-4.4916
-4.8607
-4.7583
-4.0312
-2.7297
-1.137
0.381
1.5548
2.2864
2.6223
2.6823
2.594
2.4546
2.3208
2.216
2.1435
2.098
2.0719
2.0588
2.0547
2.0571
2.0654
2.0798
2.1013
2.1301
2.1643
2.1985
2.221
2.2138
2.1542
2.0199
1.7962
1.483
1.0959
0.66355
0.22008
-0.20067
-0.5704
-0.86967
-1.0895
-1.2331
-1.3187
-1.3828
-1.4772
-1.6536
-1.9439
-2.3459
-2.8249
-3.327
-3.7971
-4.1918
-4.4844
-4.6624
-4.7219
0.20094
0.1437
-0.027321
-0.31014
-0.70161
-1.1976
-1.7923
-2.4756
-3.2261
-3.9967
-4.6944
-5.1597
-5.173
-4.5347
-3.2302
-1.5248
0.16459
1.4961
2.3269
2.6967
2.7434
2.6206
2.446
2.2874
2.1701
2.0949
2.052
2.0304
2.0212
2.0187
2.0199
2.0235
2.0297
2.0396
2.055
2.0779
2.1094
2.1475
2.1851
2.2074
2.1924
2.1142
1.951
1.6926
1.3466
0.93604
0.49427
0.057258
-0.34255
-0.68058
-0.94287
-1.1289
-1.2563
-1.3656
-1.5154
-1.7647
-2.1478
-2.6585
-3.2529
-3.8668
-4.4362
-4.912
-5.2641
-5.4783
-5.5499
-0.27152
-0.33815
-0.53725
-0.86633
-1.3211
-1.8945
-2.5748
-3.3396
-4.1441
-4.9022
-5.4647
-5.6125
-5.1109
-3.8657
-2.0841
-0.21237
1.3234
2.3092
2.7578
2.8177
2.6703
2.4611
2.2747
2.1427
2.0639
2.0241
2.0083
2.0047
2.0065
2.0097
2.0129
2.0158
2.019
2.0237
2.032
2.0467
2.0705
2.1043
2.1449
2.1818
2.1956
2.16
2.0479
1.8415
1.5393
1.1579
0.72771
0.28524
-0.13413
-0.5016
-0.7988
-1.0221
-1.1893
-1.3447
-1.5537
-1.8797
-2.3564
-2.9708
-3.669
-4.3777
-5.0275
-5.5669
-5.9648
-6.2067
-6.2877
-0.91922
-0.99495
-1.2212
-1.595
-2.11
-2.7545
-3.5062
-4.323
-5.1258
-5.7774
-6.0679
-5.7429
-4.6294
-2.8349
-0.78976
0.99626
2.2067
2.7963
2.9084
2.7518
2.5074
2.2864
2.1326
2.0456
2.0069
1.9962
1.9985
2.005
2.0116
2.0165
2.0195
2.0209
2.0215
2.0222
2.0249
2.0322
2.0475
2.0738
2.1109
2.1522
2.1821
2.1755
2.1032
1.9413
1.6804
1.3304
0.91753
0.47742
0.047156
-0.34122
-0.66582
-0.9209
-1.1252
-1.3277
-1.5987
-2.0035
-2.5706
-3.2773
-4.0593
-4.8373
-5.5408
-6.1197
-6.5451
-6.8035
-6.89
-1.7651
-1.8486
-2.0982
-2.51
-3.0749
-3.7736
-4.568
-5.3872
-6.1078
-6.5349
-6.4103
-5.4987
-3.7814
-1.6075
0.45875
1.972
2.7856
3.0091
2.8708
2.594
2.3289
2.1416
2.0378
1.9951
1.9874
1.9949
2.0062
2.0162
2.0232
2.0274
2.0293
2.0295
2.0284
2.0267
2.0258
2.0278
2.0363
2.0551
2.0862
2.1263
2.1634
2.1748
2.131
2.0041
1.7787
1.4583
1.0646
0.63158
0.19691
-0.20516
-0.5503
-0.83192
-1.0711
-1.3215
-1.6569
-2.1399
-2.7896
-3.5706
-4.4096
-5.2252
-5.9504
-6.5412
-6.9732
-7.2353
-7.323
-2.8212
-2.91
-3.1756
-3.6129
-4.2088
-4.933
-5.7256
-6.4792
-7.0185
-7.0956
-6.4378
-4.9025
-2.6919
-0.35441
1.5338
2.6748
3.0971
3.0269
2.7312
2.413
2.1761
2.0415
1.9866
1.9782
1.9898
2.0058
2.0193
2.0285
2.0339
2.0365
2.0372
2.0366
2.0347
2.0321
2.0293
2.0283
2.0322
2.045
2.0702
2.1068
2.1458
2.1671
2.1419
2.0404
1.8429
1.5476
1.1721
0.74814
0.31337
-0.096711
-0.4566
-0.76043
-1.033
-1.3326
-1.7336
-2.2913
-3.0105
-3.842
-4.7061
-5.5239
-6.2372
-6.8116
-7.2292
-7.482
-7.5666
-4.085
-4.1756
-4.4462
-4.8907
-5.4902
-6.2003
-6.9337
-7.5402
-7.793
-7.4086
-6.15
-4.0371
-1.5016
0.80048
2.3817
3.1236
3.2057
2.9269
2.5543
2.249
2.0637
1.9828
1.9669
1.9805
2.0013
2.0192
2.0311
2.0379
2.041
2.0421
2.0419
2.0408
2.0389
2.0361
2.0328
2.0303
2.0315
2.0404
2.0609
2.0937
2.1318
2.1574
2.143
2.0582
1.8804
1.6042
1.2439
0.82899
0.39665
-0.017263
-0.38741
-0.71042
-1.016
-1.3664
-1.8328
-2.4575
-3.2279
-4.0814
-4.9358
-5.7204
-6.39
-6.9217
-7.3057
-7.5378
-7.6154
-5.5388
-5.6265
-5.8884
-6.3169
-6.8862
-7.5345
-8.1431
-8.5171
-8.3861
-7.46
-5.5922
-3.007
-0.32395
1.7915
3.0015
3.3655
3.1779
2.7699
2.3807
2.1186
1.9903
1.9547
1.9657
1.9912
2.0146
2.0307
2.0396
2.0435
2.0447
2.0445
2.0438
2.0426
2.0409
2.0384
2.0352
2.0323
2.0323
2.039
2.0565
2.0861
2.1222
2.1485
2.1387
2.0627
1.8968
1.6333
1.2839
0.8767
0.44796
0.033083
-0.34427
-0.68505
-1.0247
-1.4273
-1.9561
-2.6356
-3.4338
-4.2777
-5.0879
-5.8069
-6.4051
-6.8728
-7.208
-7.41
-7.4775
-7.1516
-7.2313
-7.4692
-7.8557
-8.3572
-8.8924
-9.3094
-9.3713
-8.778
-7.2681
-4.8317
-1.9055
0.76937
2.598
3.4206
3.4542
3.0698
2.5977
2.2309
2.0241
1.9476
1.9459
1.9734
2.0036
2.026
2.0389
2.0447
2.0463
2.0459
2.0449
2.0439
2.0428
2.0414
2.0392
2.0364
2.0337
2.0336
2.0396
2.0556
2.083
2.1165
2.1409
2.1309
2.0572
1.8958
1.6384
1.2955
0.89389
0.46904
0.05496
-0.32805
-0.68692
-1.0627
-1.518
-2.1026
-2.8196
-3.6183
-4.42
-5.1546
-5.7812
-6.2873
-6.6755
-6.9513
-7.1169
-7.1723
-8.8844
-8.9509
-9.1491
-9.4674
-9.8634
-10.236
-10.399
-10.082
-8.9711
-6.8691
-3.9352
-0.80075
1.7425
3.2273
3.6776
3.4389
2.9233
2.4346
2.1112
1.96
1.9256
1.9472
1.9836
2.0146
2.0345
2.0443
2.0475
2.0473
2.0458
2.0443
2.0431
2.0421
2.0409
2.0391
2.0368
2.0348
2.0352
2.0416
2.0573
2.0832
2.114
2.1344
2.12
2.0426
1.8793
1.622
1.2811
0.88292
0.4618
0.049271
-0.33943
-0.71832
-1.1327
-1.6389
-2.2683
-3.0005
-3.7699
-4.4988
-5.1317
-5.6469
-6.048
-6.3485
-6.5593
-6.6855
-6.7277
-10.697
-10.745
-10.889
-11.115
-11.371
-11.535
-11.393
-10.643
-8.9814
-6.3032
-2.9564
0.26489
2.5846
3.7005
3.8116
3.3596
2.7664
2.2924
2.0205
1.9184
1.9159
1.9525
1.993
2.0231
2.0404
2.0477
2.049
2.0475
2.0453
2.0435
2.0422
2.0411
2.04
2.0386
2.0368
2.0358
2.0375
2.0451
2.0613
2.0862
2.1135
2.1277
2.1051
2.0187
1.8476
1.5851
1.2425
0.84582
0.42801
0.016831
-0.37919
-0.78131
-1.2359
-1.7878
-2.4456
-3.1668
-3.8769
-4.5069
-5.0199
-5.4133
-5.7048
-5.9158
-6.0612
-6.1478
-6.1767
-12.552
-12.578
-12.655
-12.768
-12.854
-12.774
-12.283
-11.06
-8.8291
-5.6044
-1.933
1.2688
3.2992
4.0435
3.8572
3.2459
2.616
2.1746
1.9535
1.8918
1.912
1.9578
2.0001
2.0289
2.0442
2.0499
2.05
2.0477
2.0451
2.0429
2.0414
2.0403
2.0393
2.0382
2.0372
2.0375
2.041
2.0503
2.0674
2.091
2.1135
2.119
2.0842
1.984
1.8001
1.5282
1.1809
0.78432
0.36922
-0.041897
-0.44832
-0.8773
-1.3717
-1.9591
-2.6238
-3.3054
-3.929
-4.4409
-4.8246
-5.0948
-5.2796
-5.4053
-5.4891
-5.5383
-5.5547
-14.423
-14.424
-14.424
-14.406
-14.3
-13.944
-13.07
-11.344
-8.5318
-4.7967
-0.8884
2.2013
3.8971
4.2816
3.8427
3.1189
2.4812
2.0802
1.9043
1.8738
1.9096
1.9611
2.0042
2.0322
2.0466
2.0515
2.0511
2.0485
2.0455
2.0431
2.0414
2.0402
2.0393
2.0387
2.0388
2.0407
2.0463
2.0575
2.0752
2.0964
2.1121
2.1056
2.0546
1.9363
1.7355
1.451
1.0971
0.69986
0.28656
-0.12692
-0.54785
-1.0064
-1.5363
-2.1435
-2.7892
-3.4032
-3.9187
-4.3019
-4.5562
-4.7097
-4.7969
-4.8463
-4.8752
-4.8914
-4.8968
-16.295
-16.267
-16.183
-16.022
-15.704
-15.049
-13.761
-11.502
-8.0998
-3.8943
0.16359
3.0596
4.391
4.4375
3.7904
2.9925
2.3659
2.0061
1.8675
1.8596
1.9058
1.9609
2.0048
2.033
2.0476
2.0528
2.0526
2.0501
2.0471
2.0445
2.0426
2.0414
2.0408
2.0409
2.0424
2.0462
2.0539
2.0666
2.0836
2.1004
2.1062
2.0841
2.0129
1.8727
1.6521
1.3532
0.99214
0.59371
0.18073
-0.23863
-0.67823
-1.1665
-1.7221
-2.3279
-2.9271
-3.4491
-3.843
-4.0962
-4.2292
-4.2788
-4.282
-4.2669
-4.2501
-4.2388
-4.235
-18.164
-18.107
-17.933
-17.618
-17.073
-16.096
-14.365
-11.539
-7.5345
-2.903
1.2149
3.844
4.7935
4.5302
3.7171
2.8758
2.271
1.9486
1.8385
1.8459
1.8986
1.9561
2.0015
2.031
2.0471
2.0536
2.0545
2.0527
2.05
2.0476
2.0458
2.0448
2.0447
2.0458
2.0488
2.0544
2.0637
2.0766
2.0908
2.0999
2.0921
2.0504
1.9553
1.7905
1.5486
1.2349
0.86683
0.46692
0.052004
-0.3773
-0.83831
-1.352
-1.9177
-2.4968
-3.0235
-3.436
-3.7039
-3.8347
-3.8611
-3.8238
-3.7592
-3.6931
-3.6404
-3.6075
-3.5964
-20.044
-19.955
-19.686
-19.209
-18.422
-17.097
-14.884
-11.449
-6.8285
-1.8238
2.2592
4.5548
5.1155
4.5756
3.6358
2.7748
2.1963
1.9047
1.8141
1.8303
1.8864
1.9458
1.9932
2.0253
2.0441
2.0532
2.0561
2.0558
2.0542
2.0524
2.0511
2.0506
2.0513
2.0536
2.0579
2.0647
2.0742
2.085
2.0931
2.0906
2.065
1.9998
1.8781
1.6872
1.424
1.0966
0.72236
0.32031
-0.099439
-0.54223
-1.0241
-1.5531
-2.1078
-2.6344
-3.0677
-3.3623
-3.5095
-3.5325
-3.471
-3.3659
-3.2502
-3.1465
-3.0675
-3.0189
-3.0026
-21.958
-21.836
-21.465
-20.815
-19.768
-18.064
-15.319
-11.218
-5.9666
-0.65627
3.289
5.1912
5.3663
4.587
3.5566
2.6933
2.1411
1.872
1.7922
1.8114
1.8681
1.9287
1.9787
2.0144
2.0371
2.0499
2.0561
2.0584
2.0586
2.0582
2.0579
2.0584
2.06
2.0632
2.0681
2.0747
2.082
2.0874
2.0854
2.067
2.0195
1.9278
1.778
1.5614
1.2785
0.93934
0.56003
0.15467
-0.27282
-0.73048
-1.2277
-1.756
-2.2762
-2.7274
-3.0546
-3.2328
-3.2723
-3.2069
-3.0781
-2.9238
-2.7727
-2.6437
-2.5473
-2.4883
-2.4686
-23.943
-23.785
-23.306
-22.468
-21.134
-19.004
-15.656
-10.818
-4.9285
0.59757
4.2933
5.7505
5.5538
4.5759
3.4877
2.6346
2.1056
1.8497
1.7722
1.7887
1.8429
1.9034
1.9559
1.9958
2.0235
2.0412
2.0518
2.0577
2.0608
2.0625
2.0639
2.0656
2.068
2.0714
2.0754
2.0795
2.0815
2.0776
2.0612
2.0229
1.9503
1.8306
1.6531
1.4129
1.1133
0.76493
0.38128
-0.028757
-0.46565
-0.93569
-1.4372
-1.9448
-2.4076
-2.7675
-2.986
-3.0583
-3.0086
-2.8757
-2.6995
-2.5131
-2.3403
-2.1964
-2.09
-2.0251
-2.0033
-26.047
-25.848
-25.248
-24.201
-22.541
-19.919
-15.873
-10.21
-3.6929
1.929
5.2564
6.2285
5.686
4.5535
3.4367
2.6018
2.0906
1.8388
1.7551
1.7628
1.8106
1.8689
1.923
1.9669
1.9999
2.0233
2.0392
2.0496
2.0565
2.0611
2.0645
2.0673
2.0699
2.0722
2.0734
2.072
2.0652
2.0481
2.0136
1.9522
1.8532
1.7059
1.503
1.2429
0.93038
0.57548
0.18802
-0.22744
-0.67256
-1.1476
-1.6376
-2.1038
-2.4917
-2.754
-2.8708
-2.8539
-2.736
-2.5561
-2.3501
-2.1457
-1.9621
-1.8115
-1.7008
-1.6334
-1.6108
-28.326
-28.081
-27.341
-26.05
-24.006
-20.798
-15.925
-9.3446
-2.2441
3.3189
6.1572
6.6212
5.7718
4.5308
3.4111
2.5988
2.0991
1.842
1.7438
1.7359
1.7722
1.8246
1.8778
1.9245
1.9623
1.9913
2.0128
2.0283
2.0394
2.0472
2.0525
2.0561
2.0578
2.0572
2.0532
2.0435
2.0246
1.9911
1.936
1.8505
1.7257
1.5534
1.3293
1.0539
0.73269
0.37363
-0.016825
-0.43651
-0.88476
-1.3529
-1.8138
-2.2214
-2.5254
-2.6937
-2.7234
-2.6376
-2.472
-2.2633
-2.0418
-1.8303
-1.6439
-1.4924
-1.3814
-1.3138
-1.2912
-30.843
-30.543
-29.636
-28.051
-25.54
-21.613
-15.753
-8.1653
-0.57864
4.7352
6.9714
6.9271
5.8231
4.5202
3.4187
2.631
2.1362
1.8653
1.7441
1.7131
1.7312
1.7721
1.8201
1.8664
1.9069
1.9403
1.9668
1.987
2.002
2.0126
2.0194
2.0227
2.0221
2.0169
2.0054
1.985
1.9517
1.9003
1.8241
1.7156
1.5677
1.375
1.135
0.84957
0.52358
0.16288
-0.2285
-0.64825
-1.0907
-1.5378
-1.954
-2.2927
-2.5135
-2.5997
-2.5615
-2.4277
-2.2334
-2.0105
-1.7845
-1.5734
-1.3895
-1.2407
-1.1317
-1.0654
-1.0432
-33.665
-33.297
-32.183
-30.232
-27.136
-22.316
-15.274
-6.6184
1.2864
6.1329
7.6748
7.1498
5.8554
4.5355
3.4688
2.7056
2.2099
1.9178
1.7658
1.7034
1.695
1.7165
1.7524
1.7927
1.8317
1.8665
1.8957
1.9191
1.9368
1.9492
1.9563
1.9581
1.9539
1.9425
1.922
1.8896
1.8412
1.7721
1.6764
1.5481
1.3819
1.1742
0.92422
0.6339
0.30717
-0.051919
-0.44006
-0.85267
-1.278
-1.6908
-2.0522
-2.3205
-2.4676
-2.4895
-2.4043
-2.2421
-2.0348
-1.8095
-1.5867
-1.3811
-1.2027
-1.0584
-0.95255
-0.88803
-0.86636
-36.861
-36.406
-35.028
-32.612
-28.77
-22.828
-14.387
-4.6646
3.3075
7.4568
8.2483
7.3016
5.8892
4.5925
3.5722
2.8329
2.332
2.0134
1.8241
1.7223
1.6779
1.67
1.6839
1.7094
1.7396
1.7698
1.7973
1.8205
1.8385
1.8507
1.8566
1.8555
1.8464
1.8279
1.7979
1.7535
1.6911
1.6064
1.4946
1.3512
1.1724
0.95592
0.70173
0.41161
0.088517
-0.26433
-0.64288
-1.0392
-1.4364
-1.8055
-2.1093
-2.3141
-2.4031
-2.381
-2.2692
-2.096
-1.8891
-1.6708
-1.4576
-1.2614
-1.0906
-0.95162
-0.84911
-0.78632
-0.76519
-40.493
-39.926
-38.21
-35.194
-30.394
-23.044
-12.981
-2.2929
5.4133
8.6494
8.6849
7.4055
5.9496
4.7083
3.7421
3.0266
2.5191
2.1718
1.9411
1.7932
1.7037
1.6552
1.635
1.6336
1.6435
1.6594
1.6771
1.6938
1.7071
1.7155
1.7176
1.7119
1.6971
1.6712
1.6322
1.5772
1.5032
1.4064
1.2832
1.1302
0.94477
0.72558
0.47285
0.18809
-0.12625
-0.46683
-0.82807
-1.199
-1.5598
-1.8815
-2.1318
-2.2858
-2.3353
-2.2893
-2.1691
-2.0001
-1.8056
-1.6037
-1.4075
-1.2259
-1.0661
-0.93425
-0.83573
-0.77479
-0.75417
-44.62
-43.908
-41.754
-37.96
-31.927
-22.822
-10.946
0.46675
7.5093
9.6612
8.9956
7.4953
6.0644
4.9017
3.9945
3.3047
2.793
2.4188
2.1469
1.95
1.8089
1.71
1.643
1.6001
1.5749
1.562
1.5568
1.5556
1.5551
1.5525
1.5456
1.5319
1.5093
1.4757
1.4285
1.365
1.2825
1.178
1.0485
0.8915
0.7053
0.48913
0.24333
-0.030657
-0.33041
-0.65196
-0.9882
-1.3264
-1.6465
-1.9225
-2.1284
-2.2469
-2.2748
-2.2226
-2.1095
-1.9579
-1.7879
-1.6145
-1.447
-1.291
-1.151
-1.0323
-0.94133
-0.8839
-0.86426
-49.296
-48.398
-45.675
-40.875
-33.255
-21.986
-8.1895
3.5365
9.4904
10.464
9.2129
7.6131
6.2621
5.1924
4.3485
3.6896
3.1803
2.7865
2.4793
2.2367
2.0435
1.8892
1.7664
1.6693
1.5933
1.5343
1.4884
1.4521
1.4219
1.3947
1.3674
1.3369
1.3005
1.2553
1.1984
1.1269
1.0382
0.92932
0.79796
0.64212
0.4605
0.25269
0.019194
-0.23849
-0.51766
-0.81369
-1.1187
-1.4198
-1.6989
-1.9344
-2.1066
-2.2038
-2.2249
-2.1798
-2.0855
-1.9627
-1.8306
-1.7027
-1.5849
-1.4769
-1.3771
-1.2877
-1.2148
-1.1667
-1.1498
-54.58
-53.44
-49.983
-43.879
-34.22
-20.324
-4.6579
6.7935
11.258
11.06
9.39
7.8039
6.5693
5.6
4.8251
4.2058
3.7105
3.3101
2.9804
2.7034
2.4666
2.2616
2.0829
1.9268
1.7904
1.6715
1.5677
1.4769
1.3966
1.3241
1.2568
1.1919
1.1262
1.0569
0.98072
0.89465
0.79565
0.68094
0.54808
0.39515
0.22095
0.025058
-0.19202
-0.42873
-0.6822
-0.94758
-1.2171
-1.4793
-1.7192
-1.92
-2.0676
-2.1537
-2.1779
-2.1484
-2.0806
-1.9958
-1.9161
-1.8575
-1.8232
-1.8038
-1.7855
-1.76
-1.7298
-1.7048
-1.6951
-60.552
-59.1
-54.693
-46.893
-34.608
-17.585
-0.35283
10.082
12.743
11.492
9.5944
8.1096
7.0084
6.1432
5.4444
4.8764
4.4102
4.0209
3.688
3.3961
3.1343
2.8954
2.6747
2.4695
2.278
2.0991
1.9323
1.7765
1.6311
1.4948
1.3664
1.2441
1.126
1.0098
0.89309
0.77323
0.6475
0.51326
0.36811
0.21006
0.037708
-0.14959
-0.3516
-0.56703
-0.79325
-1.0259
-1.2584
-1.4816
-1.6844
-1.8553
-1.9845
-2.0665
-2.1009
-2.0938
-2.0594
-2.0216
-2.0104
-2.051
-2.1494
-2.2851
-2.4214
-2.526
-2.5873
-2.6139
-2.6205
-67.352
-65.493
-59.844
-49.813
-34.112
-13.483
4.6526
13.233
13.921
11.84
9.8991
8.565
7.5973
6.8366
6.2206
5.7153
5.2944
4.9359
4.6224
4.3404
4.0801
3.8347
3.5997
3.3723
3.1506
2.9341
2.7222
2.5149
2.3123
2.1144
1.9212
1.7326
1.5482
1.3675
1.1896
1.0136
0.83801
0.66157
0.48281
0.30041
0.11336
-0.078895
-0.27629
-0.47797
-0.68211
-0.88576
-1.0847
-1.2735
-1.4462
-1.597
-1.7214
-1.8164
-1.8813
-1.9189
-1.9399
-1.9701
-2.0519
-2.2307
-2.5279
-2.9169
-3.3262
-3.6752
-3.9163
-4.0472
-4.0873
-75.233
-72.833
-65.524
-52.476
-32.252
-7.71
10.202
16.096
14.834
12.22
10.375
9.198
8.3502
7.6889
7.157
6.7212
6.3571
6.0456
5.7715
5.5233
5.2922
5.0718
4.8574
4.6458
4.4348
4.223
4.0093
3.7934
3.5748
3.3538
3.1303
2.905
2.6784
2.4511
2.2241
1.9981
1.774
1.5525
1.3343
1.1201
0.91034
0.70553
0.50617
0.31275
0.12571
-0.054703
-0.2286
-0.39673
-0.56068
-0.72274
-0.88519
-1.0488
-1.2113
-1.3687
-1.5214
-1.6887
-1.9228
-2.3014
-2.8859
-3.6641
-4.525
-5.3044
-5.8754
-6.2012
-6.3041
-84.646
-81.498
-71.878
-54.573
-28.257
-0.0036217
16.052
18.571
15.608
12.773
11.089
10.038
9.2829
8.7042
8.246
7.8751
7.5686
7.3095
7.0849
6.8848
6.702
6.5308
6.3669
6.2072
6.0491
5.8906
5.73
5.5659
5.397
5.2223
5.0411
4.8532
4.6585
4.4576
4.2517
4.0422
3.8314
3.6215
3.4154
3.2155
3.0245
2.8441
2.6755
2.5184
2.3707
2.2281
2.0833
1.9261
1.7435
1.5215
1.2479
0.91561
0.52707
0.095335
-0.36114
-0.83761
-1.3755
-2.0813
-3.0858
-4.4387
-6.0109
-7.5139
-8.6631
-9.3358
-9.5505
-96.355
-92.113
-79.08
-55.422
-20.935
9.74
21.889
20.668
16.473
13.673
12.123
11.132
10.425
9.8934
9.4803
9.1523
8.8871
8.6689
8.4864
8.3314
8.1979
8.0817
7.9797
7.8896
7.8094
7.7374
7.6721
7.6116
7.5543
7.4984
7.4421
7.384
7.3226
7.2574
7.188
7.1151
7.04
6.9648
6.8923
6.8253
6.7666
6.7182
6.6803
6.6504
6.6224
6.5856
6.5232
6.4133
6.2288
5.9405
5.5214
4.9516
4.2246
3.3515
2.3622
1.2923
0.14468
-1.1688
-2.841
-5.0459
-7.712
-10.409
-12.563
-13.847
-14.257
-111.64
-105.68
-87.204
-53.415
-8.7089
21.313
27.404
22.604
17.792
15.129
13.6
12.577
11.844
11.296
10.875
10.546
10.285
10.076
9.908
9.7736
9.6679
9.5881
9.5326
9.5006
9.4919
9.5062
9.5434
9.6029
9.6839
9.7853
9.9055
10.043
10.195
10.361
10.538
10.724
10.92
11.124
11.336
11.558
11.788
12.027
12.271
12.514
12.745
12.947
13.097
13.163
13.105
12.881
12.445
11.756
10.78
9.4966
7.9063
6.0302
3.893
1.4688
-1.3975
-4.9764
-9.3707
-14.085
-18.058
-20.47
-21.237
-132.72
-123.78
-95.767
-44.927
9.9746
34.105
32.481
24.953
20.074
17.429
15.738
14.546
13.668
13.003
12.49
12.09
11.774
11.523
11.323
11.167
11.048
10.965
10.917
10.904
10.928
10.992
11.097
11.246
11.44
11.681
11.969
12.305
12.687
13.115
13.585
14.096
14.643
15.223
15.833
16.467
17.119
17.785
18.456
19.122
19.769
20.379
20.926
21.381
21.705
21.851
21.764
21.381
20.631
19.431
17.699
15.346
12.284
8.4025
3.5341
-2.5466
-9.9983
-18.392
-26.005
-30.786
-32.288
-163.55
-148.87
-102.01
-23.074
35.841
47.233
37.619
28.768
23.939
20.974
18.871
17.301
16.099
15.165
14.435
13.86
13.405
13.042
12.752
12.521
12.34
12.204
12.113
12.067
12.069
12.123
12.234
12.408
12.649
12.962
13.353
13.824
14.378
15.017
15.741
16.549
17.435
18.394
19.419
20.5
21.625
22.782
23.956
25.134
26.302
27.445
28.548
29.596
30.57
31.447
32.19
32.745
33.03
32.926
32.26
30.794
28.195
23.998
17.514
7.846
-5.4855
-21.576
-37.531
-48.293
-51.651
-213.01
-185.09
-94.125
21.926
67.974
60.164
44.535
35.363
30.01
26.233
23.364
21.119
19.341
17.93
16.813
15.929
15.229
14.672
14.225
13.864
13.573
13.341
13.162
13.036
12.965
12.954
13.009
13.137
13.349
13.651
14.053
14.564
15.19
15.937
16.811
17.813
18.941
20.19
21.553
23.014
24.559
26.167
27.82
29.498
31.187
32.876
34.565
36.261
37.982
39.749
41.583
43.498
45.484
47.491
49.395
50.957
51.736
50.952
47.209
37.886
18.553
-13.445
-51.271
-80.413
-89.7
-301.49
-234.41
-32.481
99.121
103.07
74.401
55.842
45.538
38.609
33.404
29.318
26.043
23.405
21.288
19.601
18.265
17.211
16.377
15.714
15.18
14.745
14.388
14.097
13.865
13.692
13.582
13.542
13.58
13.707
13.935
14.275
14.741
15.345
16.096
17.006
18.08
19.322
20.731
22.299
24.013
25.854
27.798
29.821
31.898
34.008
36.142
38.306
40.524
42.84
45.324
48.062
51.164
54.75
58.955
63.911
69.723
76.386
83.605
90.341
93.699
85.728
46.371
-42.83
-138.89
-173.03
-512.16
-230.78
166.06
203.51
136.56
94.15
72.112
58.532
48.96
41.731
36.048
31.485
27.799
24.834
22.47
20.602
19.136
17.987
17.081
16.359
15.772
15.288
14.884
14.547
14.273
14.063
13.922
13.86
13.888
14.019
14.268
14.649
15.179
15.873
16.743
17.803
19.06
20.516
22.169
24.006
26.01
28.155
30.41
32.746
35.136
37.565
40.035
42.572
45.23
48.101
51.308
55.021
59.458
64.905
71.747
80.525
92.005
107.28
127.77
154.85
187.06
207.08
126.77
-193.19
-395.51
-1117.3
484.2
545.24
288.74
170.52
117.28
88.733
70.739
58.216
48.931
41.728
35.993
31.381
27.679
24.732
22.41
20.596
19.183
18.077
17.202
16.497
15.915
15.427
15.014
14.666
14.383
14.168
14.031
13.982
14.036
14.208
14.515
14.974
15.604
16.419
17.437
18.667
20.116
21.783
23.661
25.73
27.966
30.337
32.807
35.345
37.93
40.557
43.247
46.052
49.062
52.412
56.288
60.936
66.695
74.04
83.68
96.729
115.04
141.92
183.82
254.22
380.24
588.46
464.91
-1061.3
0
-1117.3
-2618.6
-2992.6
-3131.3
-3192.1
-3224.5
-3244.8
-3258.7
-3268.9
-3276.8
-3283
-3288
-3292
-3295.2
-3297.7
-3299.6
-3301.1
-3302.3
-3303.2
-3304
-3304.6
-3305.1
-3305.6
-3306
-3306.3
-3306.5
-3306.7
-3306.7
-3306.7
-3306.6
-3306.3
-3305.9
-3305.3
-3304.5
-3303.5
-3302.3
-3300.8
-3299.2
-3297.3
-3295.2
-3292.9
-3290.5
-3288
-3285.4
-3282.8
-3280.1
-3277.4
-3274.6
-3271.5
-3268.1
-3264.3
-3259.6
-3253.8
-3246.5
-3236.8
-3223.6
-3205.1
-3177.5
-3133.8
-3057.4
-2906.1
-2518.6
-1061.3
0
