-2.7086e-11
6.4232e-10
4.7399e-09
1.1427e-08
1.0747e-08
-1.6703e-08
-9.6314e-08
-2.5477e-07
-5.161e-07
-8.9959e-07
-1.4195e-06
-2.0858e-06
-2.9034e-06
-3.8689e-06
-4.9627e-06
-6.1366e-06
-7.2989e-06
-8.3011e-06
-8.9309e-06
-8.9227e-06
-7.9904e-06
-5.8872e-06
-2.4818e-06
2.1714e-06
7.798e-06
1.3926e-05
1.9963e-05
2.5306e-05
2.9449e-05
3.2057e-05
3.3002e-05
3.2353e-05
3.034e-05
2.7294e-05
2.3591e-05
1.96e-05
1.5639e-05
1.1951e-05
8.6948e-06
5.9504e-06
3.7318e-06
2.0069e-06
7.1501e-07
-2.1676e-07
-8.6122e-07
-1.2818e-06
-1.5277e-06
-1.6333e-06
-1.6232e-06
-1.5174e-06
-1.3375e-06
-1.1087e-06
-8.5901e-07
-6.1592e-07
-4.0228e-07
-2.3317e-07
-1.1434e-07
-4.2647e-08
-8.1672e-09
2.5216e-09
2.4275e-09
5.3651e-10
-5.3231e-12
2.7086e-11
-1.1631e-10
-2.5331e-10
-1.8504e-10
7.8838e-11
4.5947e-10
8.7661e-10
1.271e-09
1.6086e-09
1.8781e-09
2.0835e-09
2.2354e-09
2.3414e-09
2.3971e-09
2.3805e-09
2.2503e-09
1.9492e-09
1.4119e-09
5.8112e-10
-5.7116e-10
-2.0175e-09
-3.6542e-09
-5.2982e-09
-6.712e-09
-7.656e-09
-7.952e-09
-7.5306e-09
-6.4451e-09
-4.8509e-09
-2.9614e-09
-1.0019e-09
8.2883e-10
2.3811e-09
3.5632e-09
4.3396e-09
4.724e-09
4.7663e-09
4.5397e-09
4.1266e-09
3.6061e-09
3.0459e-09
2.4975e-09
1.9957e-09
1.5597e-09
1.1953e-09
8.9509e-10
6.4173e-10
4.1256e-10
1.8707e-10
-4.6409e-11
-2.8703e-10
-5.2204e-10
-7.3076e-10
-8.9002e-10
-9.7944e-10
-9.8533e-10
-9.0309e-10
-7.3887e-10
-5.1154e-10
-2.5577e-10
-2.5489e-11
1.089e-10
9.1374e-11
-5.3231e-12
1.163e-10
3.4437e-09
2.0062e-08
4.5853e-08
3.3847e-08
-1.0965e-07
-5.0896e-07
-1.2959e-06
-2.5899e-06
-4.4871e-06
-7.0584e-06
-1.0352e-05
-1.4391e-05
-1.9155e-05
-2.4541e-05
-3.0308e-05
-3.5997e-05
-4.0871e-05
-4.3884e-05
-4.3731e-05
-3.9012e-05
-2.8525e-05
-1.1638e-05
1.1373e-05
3.9158e-05
6.9403e-05
9.9211e-05
0.00012563
0.00014616
0.00015915
0.00016397
0.00016091
0.0001511
0.00013614
0.00011788
9.8141e-05
7.8498e-05
6.0165e-05
4.3941e-05
3.0234e-05
1.9126e-05
1.0468e-05
3.9656e-06
-7.3947e-07
-4.0061e-06
-6.1489e-06
-7.4123e-06
-7.97e-06
-7.9453e-06
-7.4412e-06
-6.5666e-06
-5.4481e-06
-4.2251e-06
-3.0336e-06
-1.9864e-06
-1.1576e-06
-5.7489e-07
-2.224e-07
-5.0987e-08
5.0671e-09
8.6393e-09
2.1907e-09
9.1372e-11
-6.4232e-10
-3.4437e-09
-6.4902e-09
-4.5161e-09
3.3082e-09
1.4896e-08
2.7796e-08
4.0117e-08
5.0742e-08
5.926e-08
6.5763e-08
7.0558e-08
7.386e-08
7.5524e-08
7.4856e-08
7.0562e-08
6.0844e-08
4.3679e-08
1.7294e-08
-1.9144e-08
-6.4729e-08
-1.1618e-07
-1.6776e-07
-2.1204e-07
-2.4157e-07
-2.5082e-07
-2.3762e-07
-2.0362e-07
-1.5364e-07
-9.4314e-08
-3.2659e-08
2.51e-08
7.4243e-08
1.1184e-07
1.3673e-07
1.4926e-07
1.5097e-07
1.4412e-07
1.3129e-07
1.1497e-07
9.7316e-08
7.9966e-08
6.4039e-08
5.0165e-08
3.8532e-08
2.8924e-08
2.0796e-08
1.3444e-08
6.2281e-09
-1.2137e-09
-8.8515e-09
-1.6284e-08
-2.2862e-08
-2.7862e-08
-3.0652e-08
-3.0813e-08
-2.8219e-08
-2.3091e-08
-1.6062e-08
-8.2716e-09
-1.4388e-09
2.3692e-09
2.1907e-09
5.365e-10
2.5352e-10
6.494e-09
3.1739e-08
5.8632e-08
-2.1849e-08
-4.3293e-07
-1.4803e-06
-3.4954e-06
-6.7834e-06
-1.1592e-05
-1.8101e-05
-2.643e-05
-3.6623e-05
-4.8607e-05
-6.2098e-05
-7.6447e-05
-9.0471e-05
-0.00010229
-0.00010928
-0.00010818
-9.5543e-05
-6.8454e-05
-2.5414e-05
3.2829e-05
0.00010291
0.0001791
0.00025425
0.00032105
0.00037331
0.00040684
0.00041991
0.00041316
0.00038921
0.00035201
0.00030614
0.00025616
0.0002061
0.00015909
0.00011724
8.1686e-05
5.2703e-05
2.9973e-05
1.2787e-05
2.5761e-07
-8.5191e-06
-1.4344e-05
-1.7847e-05
-1.9485e-05
-1.9588e-05
-1.8436e-05
-1.632e-05
-1.3572e-05
-1.055e-05
-7.6005e-06
-5.0074e-06
-2.9543e-06
-1.5082e-06
-6.2659e-07
-1.8593e-07
-2.4994e-08
5.5519e-09
2.3697e-09
1.0891e-10
-4.743e-09
-2.007e-08
-3.1734e-08
-1.561e-08
3.6961e-08
1.1668e-07
2.0781e-07
2.9661e-07
3.7432e-07
4.3724e-07
4.8543e-07
5.207e-07
5.4434e-07
5.551e-07
5.4784e-07
5.1314e-07
4.3802e-07
3.08e-07
1.1068e-07
-1.5933e-07
-4.9471e-07
-8.7108e-07
-1.2466e-06
-1.5679e-06
-1.7816e-06
-1.8483e-06
-1.7525e-06
-1.5058e-06
-1.1425e-06
-7.0969e-07
-2.5786e-07
1.6794e-07
5.3299e-07
8.1516e-07
1.005e-06
1.1041e-06
1.1228e-06
1.0771e-06
9.8582e-07
8.6723e-07
7.3735e-07
6.0865e-07
4.897e-07
3.8544e-07
2.975e-07
2.2442e-07
1.6233e-07
1.0617e-07
5.1323e-08
-4.7712e-09
-6.185e-08
-1.1697e-07
-1.654e-07
-2.0196e-07
-2.2213e-07
-2.2305e-07
-2.041e-07
-1.6731e-07
-1.1788e-07
-6.4611e-08
-1.9589e-08
5.5512e-09
8.6405e-09
2.4276e-09
1.852e-10
4.5121e-09
1.5515e-08
-1.8526e-08
-2.8895e-07
-1.1763e-06
-3.2172e-06
-7.0119e-06
-1.3126e-05
-2.2024e-05
-3.4044e-05
-4.9389e-05
-6.8107e-05
-9.0005e-05
-0.00011448
-0.00014024
-0.00016503
-0.00018536
-0.0001964
-0.00019231
-0.00016701
-0.00011542
-3.5108e-05
7.2427e-05
0.00020108
0.00034068
0.00047855
0.00060169
0.00069897
0.00076266
0.00078932
0.00077968
0.00073809
0.00067139
0.00058774
0.00049548
0.00040209
0.00031356
0.00023405
0.0001659
0.00010987
6.5533e-05
3.1687e-05
6.7486e-06
-1.0939e-05
-2.2867e-05
-3.0235e-05
-3.393e-05
-3.4617e-05
-3.2863e-05
-2.9251e-05
-2.4423e-05
-1.9059e-05
-1.3803e-05
-9.1731e-06
-5.5016e-06
-2.9041e-06
-1.299e-06
-4.6438e-07
-1.209e-07
-1.9547e-08
-1.4312e-09
-2.5239e-11
-1.1436e-08
-4.5845e-08
-5.8461e-08
1.84e-08
2.1571e-07
5.1318e-07
8.6084e-07
1.2074e-06
1.5164e-06
1.7698e-06
1.9649e-06
2.1061e-06
2.1969e-06
2.2313e-06
2.1882e-06
2.0301e-06
1.7062e-06
1.1607e-06
3.4729e-07
-7.5137e-07
-2.102e-06
-3.605e-06
-5.0943e-06
-6.3616e-06
-7.2009e-06
-7.4609e-06
-7.0823e-06
-6.1092e-06
-4.6717e-06
-2.9512e-06
-1.1427e-06
5.7644e-07
2.0667e-06
3.2358e-06
4.0401e-06
4.4803e-06
4.5925e-06
4.4375e-06
4.0887e-06
3.6201e-06
3.0974e-06
2.5729e-06
2.0833e-06
1.6505e-06
1.2822e-06
9.7374e-07
7.1018e-07
4.7176e-07
2.4056e-07
6.69e-09
-2.2857e-07
-4.5343e-07
-6.4928e-07
-7.9581e-07
-8.7585e-07
-8.7914e-07
-8.0481e-07
-6.6322e-07
-4.7732e-07
-2.825e-07
-1.2096e-07
-2.4939e-08
5.1012e-09
2.5286e-09
-8.246e-11
-3.4332e-09
-3.7934e-08
-2.1904e-07
-8.4463e-07
-2.4638e-06
-5.8558e-06
-1.1918e-05
-2.152e-05
-3.5389e-05
-5.4047e-05
-7.7778e-05
-0.00010658
-0.00014004
-0.00017704
-0.00021542
-0.00025151
-0.0002798
-0.00029293
-0.00028216
-0.00023861
-0.00015511
-2.8509e-05
0.00013856
0.00033688
0.00055141
0.00076359
0.00095429
0.0011069
0.0012094
0.0012561
0.0012472
0.0011883
0.001089
0.00096153
0.00081842
0.00067144
0.0005303
0.00040201
0.00029079
0.00019831
0.00012429
6.7108e-05
2.4422e-05
-6.3032e-06
-2.7417e-05
-4.0855e-05
-4.8098e-05
-5.0289e-05
-4.842e-05
-4.3482e-05
-3.654e-05
-2.8682e-05
-2.0919e-05
-1.4052e-05
-8.582e-06
-4.6801e-06
-2.2227e-06
-8.8744e-07
-2.8215e-07
-6.4458e-08
-8.2434e-09
-2.5477e-10
-1.0597e-08
-3.2966e-08
2.439e-08
2.9203e-07
8.4049e-07
1.6394e-06
2.5817e-06
3.5394e-06
4.4096e-06
5.1337e-06
5.6934e-06
6.0929e-06
6.335e-06
6.3982e-06
6.2205e-06
5.6956e-06
4.6822e-06
3.0294e-06
6.1766e-07
-2.5863e-06
-6.4727e-06
-1.0749e-05
-1.4948e-05
-1.8494e-05
-2.0826e-05
-2.1539e-05
-2.0474e-05
-1.7747e-05
-1.3707e-05
-8.8422e-06
-3.6839e-06
1.2751e-06
5.6358e-06
9.1223e-06
1.1589e-05
1.3015e-05
1.3482e-05
1.3151e-05
1.2224e-05
1.0912e-05
9.4117e-06
7.8797e-06
6.4307e-06
5.1349e-06
4.0206e-06
3.078e-06
2.2675e-06
1.5345e-06
8.2957e-07
1.2568e-07
-5.7289e-07
-1.2326e-06
-1.8016e-06
-2.224e-06
-2.4539e-06
-2.4664e-06
-2.2647e-06
-1.8843e-06
-1.3938e-06
-8.8789e-07
-4.6421e-07
-1.8554e-07
-5.0752e-08
-8.1141e-09
-4.7661e-10
-1.5432e-08
-1.2045e-07
-5.2651e-07
-1.6682e-06
-4.2718e-06
-9.3463e-06
-1.807e-05
-3.1613e-05
-5.0971e-05
-7.6845e-05
-0.00010957
-0.000149
-0.00019435
-0.00024379
-0.00029399
-0.0003396
-0.00037288
-0.00038378
-0.00036077
-0.0002925
-0.00017025
9.2911e-06
0.00024193
0.0005152
0.00080952
0.0011009
0.0013647
0.0015789
0.0017273
0.0018011
0.0017991
0.0017274
0.0015975
0.001425
0.0012269
0.0010196
0.0008171
0.00063026
0.00046594
0.00032744
0.00021506
0.00012704
6.0368e-05
1.1587e-05
-2.2617e-05
-4.507e-05
-5.8015e-05
-6.324e-05
-6.231e-05
-5.6761e-05
-4.818e-05
-3.8142e-05
-2.8073e-05
-1.9084e-05
-1.1864e-05
-6.6499e-06
-3.2919e-06
-1.3939e-06
-4.7696e-07
-1.1766e-07
-1.6016e-08
-5.098e-10
1.7983e-08
1.1609e-07
4.4875e-07
1.1993e-06
2.4765e-06
4.2375e-06
6.2997e-06
8.4183e-06
1.0373e-05
1.202e-05
1.3296e-05
1.4188e-05
1.4684e-05
1.4719e-05
1.4148e-05
1.2727e-05
1.0144e-05
6.0773e-06
2.9029e-07
-7.2484e-06
-1.6245e-05
-2.6009e-05
-3.5482e-05
-4.34e-05
-4.8558e-05
-5.0093e-05
-4.7674e-05
-4.1553e-05
-3.2465e-05
-2.1449e-05
-9.6499e-06
1.8458e-06
1.213e-05
2.054e-05
2.6687e-05
3.0454e-05
3.1969e-05
3.1552e-05
2.9645e-05
2.6734e-05
2.328e-05
1.9673e-05
1.6202e-05
1.3054e-05
1.0313e-05
7.9675e-06
5.9368e-06
4.1014e-06
2.3523e-06
6.3031e-07
-1.0537e-06
-2.6242e-06
-3.9656e-06
-4.9564e-06
-5.5002e-06
-5.5512e-06
-5.1288e-06
-4.3241e-06
-3.2919e-06
-2.2239e-06
-1.2986e-06
-6.2548e-07
-2.2167e-07
-4.2471e-08
-9.2071e-10
-2.9143e-08
-2.17e-07
-8.9324e-07
-2.657e-06
-6.4239e-06
-1.3412e-05
-2.5032e-05
-4.2703e-05
-6.7639e-05
-0.00010067
-0.0001421
-0.00019153
-0.0002476
-0.00030752
-0.00036656
-0.00041746
-0.00045017
-0.00045215
-0.00040952
-0.00030922
-0.00014191
9.5044e-05
0.00039542
0.00074366
0.0011163
0.0014852
0.0018213
0.0020986
0.0022969
0.0024041
0.0024169
0.0023402
0.0021864
0.0019732
0.0017209
0.0014507
0.0011813
0.00092815
0.00070165
0.00050762
0.00034773
0.00022055
0.00012267
4.9833e-05
-2.3069e-06
-3.7585e-05
-5.9174e-05
-6.9689e-05
-7.1433e-05
-6.6617e-05
-5.7445e-05
-4.6042e-05
-3.4283e-05
-2.3611e-05
-1.4919e-05
-8.5381e-06
-4.3371e-06
-1.8901e-06
-6.6476e-07
-1.6751e-07
-2.3094e-08
-7.3854e-10
1.0167e-07
5.3489e-07
1.5408e-06
3.3079e-06
5.9399e-06
9.3533e-06
1.3267e-05
1.7287e-05
2.1026e-05
2.42e-05
2.6651e-05
2.8309e-05
2.9108e-05
2.8894e-05
2.736e-05
2.4037e-05
1.8341e-05
9.6986e-06
-2.2672e-06
-1.7512e-05
-3.5366e-05
-5.4427e-05
-7.2654e-05
-8.7688e-05
-9.7336e-05
-0.00010006
-9.5301e-05
-8.3522e-05
-6.6048e-05
-4.4745e-05
-2.1692e-05
1.0985e-06
2.1881e-05
3.931e-05
5.2508e-05
6.1096e-05
6.517e-05
6.5235e-05
6.2086e-05
5.666e-05
4.9896e-05
4.2617e-05
3.5462e-05
2.8858e-05
2.3019e-05
1.7963e-05
1.3553e-05
9.5691e-06
5.8085e-06
2.1598e-06
-1.3553e-06
-4.5928e-06
-7.336e-06
-9.3607e-06
-1.0497e-05
-1.0677e-05
-9.9575e-06
-8.523e-06
-6.6582e-06
-4.6893e-06
-2.9077e-06
-1.508e-06
-5.7409e-07
-1.141e-07
-1.3504e-09
-4.252e-08
-3.1271e-07
-1.2634e-06
-3.6699e-06
-8.6431e-06
-1.7588e-05
-3.2089e-05
-5.3724e-05
-8.3825e-05
-0.00012324
-0.00017212
-0.00022964
-0.00029364
-0.00036016
-0.00042284
-0.00047242
-0.00049666
-0.00048092
-0.00040974
-0.00026938
-5.1003e-05
0.00024641
0.0006141
0.0010336
0.0014784
0.0019176
0.0023196
0.0026557
0.0029032
0.0030472
0.0030817
0.0030095
0.0028419
0.0025966
0.0022964
0.0019657
0.001628
0.0013036
0.0010075
0.0007491
0.00053241
0.00035712
0.00021994
0.00011604
4.0125e-05
-1.2731e-05
-4.6789e-05
-6.5667e-05
-7.257e-05
-7.0512e-05
-6.2402e-05
-5.0958e-05
-3.8534e-05
-2.6926e-05
-1.7268e-05
-1.0038e-05
-5.1782e-06
-2.2875e-06
-8.126e-07
-2.059e-07
-2.8444e-08
-9.0984e-10
2.6994e-07
1.3682e-06
3.66e-06
7.2579e-06
1.2171e-05
1.82e-05
2.492e-05
3.1748e-05
3.8091e-05
4.347e-05
4.7571e-05
5.02e-05
5.1166e-05
5.0142e-05
4.6565e-05
3.9624e-05
2.8365e-05
1.191e-05
-1.0219e-05
-3.7742e-05
-6.9307e-05
-0.00010238
-0.00013348
-0.00015868
-0.00017449
-0.00017852
-0.00016998
-0.00014967
-0.00011972
-8.3091e-05
-4.3098e-05
-2.997e-06
3.4298e-05
6.6411e-05
9.164e-05
0.00010905
0.00011849
0.00012057
0.00011647
0.00010777
9.6127e-05
8.3098e-05
6.9937e-05
5.7531e-05
4.6372e-05
3.6576e-05
2.7961e-05
2.0186e-05
1.2912e-05
5.9557e-06
-6.4929e-07
-6.664e-06
-1.1731e-05
-1.5489e-05
-1.7673e-05
-1.8196e-05
-1.7177e-05
-1.4931e-05
-1.1913e-05
-8.6263e-06
-5.528e-06
-2.9654e-06
-1.1607e-06
-2.3367e-07
-1.7132e-09
-5.3872e-08
-3.9482e-07
-1.5854e-06
-4.5626e-06
-1.0618e-05
-2.1312e-05
-3.8341e-05
-6.3335e-05
-9.7607e-05
-0.00014187
-0.00019593
-0.00025834
-0.00032595
-0.00039339
-0.00045255
-0.00049219
-0.00049816
-0.00045433
-0.00034455
-0.0001555
0.00012007
0.00048062
0.00091438
0.0013999
0.0019084
0.0024074
0.0028643
0.0032497
0.0035401
0.003719
0.0037782
0.003718
0.0035469
0.0032814
0.0029437
0.00256
0.0021574
0.0017609
0.0013906
0.0010606
0.00077842
0.0005459
0.00036069
0.00021785
0.00011137
3.5225e-05
-1.6044e-05
-4.7215e-05
-6.2547e-05
-6.5971e-05
-6.117e-05
-5.1504e-05
-3.983e-05
-2.8339e-05
-1.8456e-05
-1.087e-05
-5.6669e-06
-2.5221e-06
-8.9964e-07
-2.2828e-07
-3.153e-08
-1.0081e-09
5.481e-07
2.7409e-06
7.1198e-06
1.3618e-05
2.2021e-05
3.1897e-05
4.2581e-05
5.3249e-05
6.3055e-05
7.1275e-05
7.7368e-05
8.093e-05
8.1542e-05
7.8586e-05
7.1122e-05
5.7891e-05
3.7497e-05
8.7704e-06
-2.8736e-05
-7.4222e-05
-0.00012524
-0.0001776
-0.00022585
-0.0002641
-0.00028726
-0.00029206
-0.00027755
-0.00024511
-0.00019792
-0.00014031
-7.7037e-05
-1.2831e-05
4.7981e-05
0.00010171
0.00014547
0.0001774
0.00019671
0.00020384
0.00020025
0.00018819
0.00017031
0.00014921
0.00012716
0.00010584
8.6261e-05
6.881e-05
5.3328e-05
3.9354e-05
2.6391e-05
1.4157e-05
2.6968e-06
-7.6384e-06
-1.632e-05
-2.2819e-05
-2.6764e-05
-2.8049e-05
-2.6876e-05
-2.3721e-05
-1.9249e-05
-1.4199e-05
-9.2729e-06
-5.0598e-06
-2.006e-06
-4.0612e-07
-1.9662e-09
-6.1821e-08
-4.5281e-07
-1.8152e-06
-5.2069e-06
-1.2054e-05
-2.4024e-05
-4.285e-05
-7.0108e-05
-0.00010694
-0.00015374
-0.00020978
-0.00027275
-0.00033833
-0.00039958
-0.00044661
-0.00046636
-0.00044316
-0.00036002
-0.00020098
4.5918e-05
0.00038539
0.00081249
0.0013118
0.0018589
0.0024227
0.0029701
0.0034687
0.0038901
0.0042117
0.0044172
0.0044977
0.0044516
0.0042845
0.0040097
0.003647
0.0032219
0.0027629
0.0022984
0.0018535
0.0014476
0.0010929
0.00079468
0.00055261
0.00036243
0.0002178
0.00011177
3.7665e-05
-1.0568e-05
-3.8362e-05
-5.0661e-05
-5.199e-05
-4.6387e-05
-3.7258e-05
-2.7232e-05
-1.8094e-05
-1.0816e-05
-5.6993e-06
-2.554e-06
-9.1451e-07
-2.3244e-07
-3.2118e-08
-1.0269e-09
9.5036e-07
4.7236e-06
1.2101e-05
2.2723e-05
3.6008e-05
5.1136e-05
6.7074e-05
8.2655e-05
9.6717e-05
0.00010823
0.00011634
0.00012034
0.00011945
0.00011263
9.8437e-05
7.5074e-05
4.07e-05
-6.0382e-06
-6.5304e-05
-0.00013537
-0.00021215
-0.00028922
-0.00035858
-0.000412
-0.00044265
-0.00044644
-0.00042258
-0.00037338
-0.00030341
-0.00021862
-0.00012542
-3.0091e-05
6.1547e-05
0.00014438
0.00021414
0.00026767
0.00030312
0.00032024
0.00032037
0.00030627
0.00028163
0.00025044
0.00021638
0.00018239
0.00015043
0.00012143
9.5438e-05
7.1945e-05
5.0307e-05
3.0124e-05
1.1439e-05
-5.2801e-06
-1.9321e-05
-2.9971e-05
-3.6741e-05
-3.9509e-05
-3.8568e-05
-3.4581e-05
-2.8472e-05
-2.1289e-05
-1.4071e-05
-7.7541e-06
-3.0955e-06
-6.2851e-07
-2.0772e-09
-6.5335e-08
-4.7881e-07
-1.9198e-06
-5.5038e-06
-1.2717e-05
-2.5255e-05
-4.4804e-05
-7.2777e-05
-0.00011001
-0.00015638
-0.00021043
-0.00026881
-0.00032585
-0.00037299
-0.0003986
-0.00038804
-0.00032451
-0.00019077
2.834e-05
0.00034262
0.00075345
0.0012517
0.0018178
0.0024234
0.0030357
0.003621
0.004148
0.0045906
0.0049284
0.0051473
0.0052395
0.0052026
0.0050406
0.0047632
0.0043866
0.0039332
0.00343
0.0029067
0.002392
0.0019102
0.0014791
0.0011086
0.00080164
0.00055574
0.00036496
0.00022181
0.0001185
4.7693e-05
2.7201e-06
-2.2456e-05
-3.3253e-05
-3.4434e-05
-2.9998e-05
-2.3071e-05
-1.5864e-05
-9.7132e-06
-5.2036e-06
-2.3583e-06
-8.5065e-07
-2.172e-07
-3.009e-08
-9.6304e-10
1.4736e-06
7.3018e-06
1.8573e-05
3.4531e-05
5.4086e-05
7.587e-05
9.832e-05
0.0001198
0.00013871
0.00015362
0.00016329
0.00016657
0.00016218
0.00014853
0.00012356
8.4922e-05
3.0391e-05
-4.1354e-05
-0.00012982
-0.00023181
-0.00034095
-0.0004479
-0.00054152
-0.00061088
-0.00064743
-0.00064659
-0.00060824
-0.00053613
-0.00043674
-0.00031794
-0.00018794
-5.4594e-05
7.4872e-05
0.00019403
0.00029729
0.00038006
0.00043911
0.00047291
0.00048207
0.0004693
0.00043907
0.00039681
0.00034801
0.00029739
0.00024843
0.00020307
0.0001619
0.00012457
9.035e-05
5.8742e-05
2.9768e-05
3.9924e-06
-1.7697e-05
-3.4405e-05
-4.5523e-05
-5.0908e-05
-5.095e-05
-4.6524e-05
-3.8862e-05
-2.9399e-05
-1.9615e-05
-1.0885e-05
-4.3658e-06
-8.881e-07
-2.0297e-09
-6.3881e-08
-4.687e-07
-1.8815e-06
-5.3978e-06
-1.2469e-05
-2.4719e-05
-4.3686e-05
-7.0515e-05
-0.0001056
-0.00014818
-0.00019587
-0.00024416
-0.00028592
-0.00031097
-0.00030603
-0.00025511
-0.0001406
5.4653e-05
0.00034446
0.00073588
0.0012261
0.0018008
0.0024353
0.0030973
0.0037519
0.0043653
0.0049083
0.0053577
0.0056967
0.0059142
0.0060048
0.0059674
0.0058052
0.0055259
0.005142
0.0046715
0.0041377
0.0035686
0.0029939
0.0024416
0.0019347
0.0014886
0.0011107
0.00080169
0.00055699
0.00036923
0.00022989
0.00013047
6.3061e-05
2.0515e-05
-3.5264e-06
-1.4592e-05
-1.7318e-05
-1.5386e-05
-1.1496e-05
-7.4212e-06
-4.1195e-06
-1.913e-06
-7.0171e-07
-1.8121e-07
-2.5284e-08
-8.1175e-10
2.0934e-06
1.0357e-05
2.6244e-05
4.853e-05
7.5502e-05
0.0001051
0.00013507
0.00016314
0.00018713
0.00020507
0.00021519
0.00021574
0.00020485
0.00018023
0.00013915
7.8729e-05
-3.4769e-06
-0.00010844
-0.00023452
-0.00037638
-0.00052453
-0.00066586
-0.00078547
-0.00086948
-0.0009079
-0.0008963
-0.00083601
-0.00073301
-0.00059622
-0.00043579
-0.00026185
-8.3809e-05
8.9898e-05
0.00025179
0.00039521
0.00051438
0.00060459
0.00066276
0.00068802
0.00068224
0.00064993
0.0005976
0.00053263
0.00046198
0.00039125
0.0003241
0.00026219
0.0002057
0.00015403
0.00010665
6.3555e-05
2.5368e-05
-6.8813e-06
-3.2142e-05
-4.9693e-05
-5.9374e-05
-6.1677e-05
-5.7702e-05
-4.9037e-05
-3.7572e-05
-2.5303e-05
-1.4136e-05
-5.6933e-06
-1.1601e-06
-1.8297e-09
-5.7636e-08
-4.2354e-07
-1.7032e-06
-4.8932e-06
-1.1308e-05
-2.239e-05
-3.9422e-05
-6.3176e-05
-9.3505e-05
-0.00012889
-0.00016593
-0.00019883
-0.00021898
-0.00021457
-0.00017077
-7.0294e-05
0.00010514
0.00037236
0.00074343
0.0012217
0.001799
0.0024546
0.0031577
0.0038718
0.0045605
0.005191
0.0057372
0.0061799
0.0065064
0.0067095
0.0067865
0.0067382
0.0065682
0.0062835
0.0058938
0.0054133
0.0048607
0.00426
0.003639
0.0030268
0.0024502
0.0019297
0.0014784
0.001101
0.00079574
0.00055634
0.00037416
0.00023989
0.0001445
7.9777e-05
3.8405e-05
1.4063e-05
1.4409e-06
-3.7384e-06
-4.7245e-06
-3.7978e-06
-2.3787e-06
-1.1902e-06
-4.5835e-07
-1.2221e-07
-1.7396e-08
-5.6338e-10
2.7658e-06
1.3673e-05
3.458e-05
6.3759e-05
9.8815e-05
0.00013689
0.00017491
0.00020976
0.00023852
0.00025849
0.00026716
0.00026207
0.00024057
0.00019959
0.00013573
4.5613e-05
-7.3176e-05
-0.00022086
-0.00039399
-0.00058418
-0.00077771
-0.00095661
-0.0011016
-0.0011959
-0.0012288
-0.0011971
-0.0011049
-0.00096111
-0.0007778
-0.00056761
-0.00034258
-0.0001135
0.00011019
0.00032028
0.0005094
0.00067093
0.00079899
0.00088897
0.00093819
0.00094683
0.00091843
0.00085969
0.0007794
0.00068688
0.00059039
0.00049603
0.00040732
0.00032556
0.00025069
0.00018232
0.00012047
6.5798e-05
1.9404e-05
-1.7554e-05
-4.428e-05
-6.0614e-05
-6.7154e-05
-6.5237e-05
-5.6818e-05
-4.4276e-05
-3.0174e-05
-1.6993e-05
-6.8786e-06
-1.4044e-06
-1.5102e-09
-4.7615e-08
-3.5051e-07
-1.4122e-06
-4.0629e-06
-9.3897e-06
-1.8548e-05
-3.246e-05
-5.143e-05
-7.4683e-05
-9.9857e-05
-0.00012247
-0.0001354
-0.00012847
-8.8209e-05
1.8747e-06
0.00016046
0.00040654
0.00075643
0.0012195
0.0017941
0.0024643
0.0032015
0.0039681
0.0047242
0.0054331
0.0060652
0.0065992
0.007021
0.007323
0.0075018
0.0075574
0.0074918
0.0073095
0.0070165
0.0066212
0.0061349
0.0055724
0.0049531
0.0043009
0.0036433
0.0030081
0.0024202
0.0018974
0.0014499
0.0010798
0.00078315
0.00055203
0.00037694
0.00024811
0.00015634
9.3439e-05
5.2277e-05
2.6856e-05
1.2283e-05
4.7201e-06
1.3169e-06
1.026e-07
-1.5232e-07
-1.0703e-07
-3.6741e-08
-5.9446e-09
-2.0245e-10
3.435e-06
1.6975e-05
4.2894e-05
7.8973e-05
0.00012212
0.00016865
0.00021452
0.00025567
0.00028818
0.00030839
0.00031286
0.00029821
0.00026085
0.00019683
0.00010202
-2.7273e-05
-0.0001932
-0.00039467
-0.00062546
-0.00087274
-0.0011169
-0.0013339
-0.0014996
-0.0015952
-0.0016108
-0.0015462
-0.0014095
-0.0012139
-0.00097465
-0.00070695
-0.00042448
-0.00013903
0.0001394
0.00040214
0.00064144
0.00085011
0.0010215
0.0011497
0.0012304
0.0012616
0.0012449
0.0011861
0.0010944
0.00098076
0.00085637
0.00073037
0.00060902
0.00049558
0.00039115
0.00029587
0.00020991
0.00013397
6.9179e-05
1.6712e-05
-2.2638e-05
-4.8762e-05
-6.2379e-05
-6.505e-05
-5.9074e-05
-4.7291e-05
-3.2814e-05
-1.8702e-05
-7.6253e-06
-1.5612e-06
-1.1276e-09
-3.5582e-08
-2.6229e-07
-1.0578e-06
-3.0424e-06
-7.0107e-06
-1.3748e-05
-2.3726e-05
-3.6688e-05
-5.1148e-05
-6.3828e-05
-6.9085e-05
-5.8359e-05
-1.9761e-05
6.2072e-05
0.00020562
0.00043124
0.00075868
0.0012029
0.001769
0.002447
0.0032111
0.004023
0.0048388
0.0056169
0.0063237
0.0069352
0.007437
0.007822
0.008088
0.0082355
0.0082664
0.0081836
0.0079906
0.0076924
0.0072956
0.0068091
0.0062449
0.0056185
0.0049498
0.0042628
0.0035844
0.0029407
0.002354
0.0018393
0.0014036
0.0010464
0.00076183
0.00054096
0.00037377
0.00025043
0.00016196
0.00010048
5.9333e-05
3.3015e-05
1.7086e-05
8.0852e-06
3.4162e-06
1.2443e-06
3.6858e-07
7.95e-08
9.6789e-09
2.9065e-10
4.0469e-06
1.9997e-05
5.0512e-05
9.2926e-05
0.00014349
0.00019766
0.00025038
0.00029648
0.00033083
0.00034859
0.00034512
0.00031584
0.00025603
0.00016072
2.5011e-05
-0.00015505
-0.0003809
-0.00064919
-0.00094932
-0.0012618
-0.001559
-0.0018094
-0.0019849
-0.0020664
-0.0020475
-0.0019336
-0.0017384
-0.0014798
-0.0011764
-0.00084539
-0.00050137
-0.00015639
0.00017958
0.0004979
0.0007907
0.0010504
0.0012697
0.0014417
0.0015605
0.0016221
0.0016259
0.0015755
0.001479
0.0013484
0.0011969
0.001037
0.00087846
0.00072743
0.00058701
0.00045849
0.00034254
0.00024001
0.000152
7.9608e-05
2.3498e-05
-1.6365e-05
-4.0865e-05
-5.1758e-05
-5.1602e-05
-4.3592e-05
-3.128e-05
-1.821e-05
-7.5185e-06
-1.5468e-06
-7.5081e-10
-2.3685e-08
-1.7436e-07
-7.0076e-07
-2.0005e-06
-4.5463e-06
-8.7018e-06
-1.4412e-05
-2.0769e-05
-2.547e-05
-2.4197e-05
-9.9796e-06
2.7417e-05
0.00010194
0.00023136
0.00043663
0.00074008
0.0011616
0.0017127
0.0023905
0.0031732
0.004022
0.004889
0.0057264
0.0064951
0.007168
0.0077302
0.0081765
0.0085076
0.0087269
0.0088385
0.0088456
0.0087506
0.0085555
0.0082624
0.0078752
0.0073998
0.0068454
0.0062246
0.0055541
0.0048544
0.0041498
0.0034662
0.0028278
0.0022539
0.0017563
0.0013389
0.00099889
0.00072901
0.00051976
0.00036109
0.00024352
0.00015856
9.8946e-05
5.8607e-05
3.2528e-05
1.6627e-05
7.6382e-06
3.0384e-06
9.8371e-07
2.3063e-07
3.0066e-08
9.3522e-10
4.5652e-06
2.2556e-05
5.6957e-05
0.0001047
0.00016142
0.0002217
0.00027944
0.0003282
0.00036148
0.00037296
0.0003565
0.00030604
0.0002154
7.8351e-05
-0.00011088
-0.00035629
-0.00065778
-0.001008
-0.001389
-0.0017715
-0.0021173
-0.0023877
-0.0025527
-0.0025971
-0.0025218
-0.00234
-0.0020725
-0.0017418
-0.0013693
-0.00097291
-0.00056703
-0.00016293
0.00023025
0.00060458
0.00095244
0.0012661
0.0015374
0.0017583
0.0019216
0.0020212
0.0020542
0.0020216
0.0019296
0.0017892
0.001615
0.0014222
0.0012244
0.0010314
0.00084937
0.00068151
0.00052958
0.00039484
0.00027844
0.00018127
0.00010372
4.5423e-05
5.2633e-06
-1.8682e-05
-2.9091e-05
-2.9293e-05
-2.3037e-05
-1.4135e-05
-6.0097e-06
-1.25e-06
-4.4174e-10
-1.3864e-08
-1.008e-07
-3.9652e-07
-1.0928e-06
-2.3446e-06
-4.0707e-06
-5.6273e-06
-5.3455e-06
5.7383e-08
1.6167e-05
5.1613e-05
0.00011878
0.00023429
0.00041902
0.00069687
0.0010917
0.0016213
0.0022898
0.0030809
0.0039566
0.0048647
0.0057505
0.0065675
0.0072844
0.0078853
0.0083672
0.0087351
0.0089975
0.0091626
0.0092371
0.0092245
0.009126
0.0089411
0.0086685
0.0083079
0.0078613
0.0073341
0.0067359
0.0060803
0.0053855
0.0046732
0.0039676
0.0032936
0.0026731
0.002122
0.0016489
0.0012549
0.00093535
0.00068217
0.00048578
0.00033653
0.00022559
0.00014522
8.8857e-05
5.0992e-05
2.6952e-05
1.2792e-05
5.247e-06
1.7463e-06
4.1901e-07
5.5576e-08
1.7431e-09
4.9805e-06
2.4601e-05
6.2074e-05
0.00011393
0.00017518
0.00023951
0.00029967
0.00034782
0.00037586
0.00037574
0.00033946
0.00025904
0.00012647
-6.6116e-05
-0.00032539
-0.00065474
-0.0010507
-0.0014985
-0.0019684
-0.0024171
-0.0027951
-0.003059
-0.0031826
-0.0031601
-0.0030037
-0.0027366
-0.0023864
-0.0019795
-0.0015381
-0.0010795
-0.00061635
-0.00015799
0.00028822
0.00071568
0.0011175
0.001486
0.0018125
0.0020875
0.0023018
0.0024474
0.0025187
0.0025141
0.0024371
0.0022969
0.0021079
0.0018871
0.0016513
0.0014147
0.0011872
0.00097497
0.00078157
0.0006092
0.00045922
0.0003323
0.00022831
0.00014635
8.491e-05
4.1901e-05
1.4728e-05
2.716e-07
-5.0068e-06
-4.7786e-06
-2.4204e-06
-5.3303e-07
-2.3559e-10
-7.2251e-09
-4.9673e-08
-1.7709e-07
-4.0919e-07
-6.0639e-07
-2.3237e-07
2.0143e-06
8.7131e-06
2.4381e-05
5.6263e-05
0.0001152
0.00021645
0.00038017
0.00063091
0.00099531
0.0014966
0.002146
0.0029336
0.0038239
0.0047612
0.0056831
0.0065348
0.0072786
0.0078971
0.0083892
0.0087647
0.0090382
0.0092241
0.0093337
0.0093744
0.009349
0.0092572
0.0090954
0.0088592
0.0085438
0.0081466
0.007668
0.0071134
0.0064933
0.0058232
0.0051227
0.0044147
0.0037236
0.0030725
0.0024806
0.0019606
0.0015179
0.0011512
0.00085469
0.00062003
0.00043796
0.00029957
0.00019689
0.00012304
7.2098e-05
3.8881e-05
1.8803e-05
7.8451e-06
2.6495e-06
6.433e-07
8.6059e-08
2.7102e-09
5.3105e-06
2.6214e-05
6.6026e-05
0.00012081
0.00018483
0.00025076
0.00031003
0.00035318
0.00037029
0.0003512
0.00028561
0.00016313
-2.6645e-05
-0.00029341
-0.00064435
-0.0010804
-0.001591
-0.002148
-0.0027042
-0.0031994
-0.0035756
-0.0037922
-0.0038346
-0.0037127
-0.003453
-0.0030888
-0.0026529
-0.002173
-0.0016699
-0.001158
-0.000647
-0.00014338
0.00034796
0.00082229
0.001274
0.0016958
0.0020787
0.0024118
0.0026837
0.0028838
0.0030033
0.0030378
0.0029876
0.0028596
0.0026666
0.0024263
0.0021579
0.0018796
0.0016056
0.001346
0.0011069
0.00089228
0.00070403
0.00054264
0.00040729
0.00029624
0.0002073
0.0001382
8.6666e-05
5.0257e-05
2.6263e-05
1.178e-05
4.0213e-06
7.6127e-07
-1.2626e-10
-3.5786e-09
-1.9626e-08
-3.7186e-08
6.5655e-08
7.0628e-07
2.902e-06
8.7152e-06
2.1855e-05
4.8449e-05
9.7967e-05
0.00018423
0.00032626
0.00054845
0.00087899
0.0013453
0.0019652
0.0027361
0.0036265
0.004579
0.0055236
0.0063962
0.0071518
0.0077696
0.0082504
0.0086089
0.0088659
0.0090423
0.0091551
0.009216
0.009231
0.0092015
0.009125
0.0089962
0.0088078
0.0085517
0.0082209
0.0078109
0.0073217
0.0067592
0.0061355
0.0054681
0.0047783
0.0040898
0.0034265
0.0028096
0.0022553
0.0017728
0.0013649
0.0010286
0.00075742
0.00054316
0.00037727
0.00025183
0.00015981
9.5044e-05
5.1982e-05
2.5466e-05
1.0747e-05
3.6646e-06
8.9661e-07
1.206e-07
3.8076e-09
5.5844e-06
2.753e-05
6.9109e-05
0.00012574
0.00019072
0.00025542
0.00030966
0.00034207
0.00034047
0.00029216
0.00018399
2.5581e-06
-0.00026532
-0.00063096
-0.0011003
-0.0016678
-0.0023087
-0.0029738
-0.0035933
-0.0040927
-0.0044143
-0.0045318
-0.0044514
-0.004203
-0.0038273
-0.0033652
-0.0028509
-0.0023096
-0.0017582
-0.0012066
-0.00066054
-0.00012324
0.00040302
0.00091555
0.0014103
0.0018809
0.0023185
0.0027114
0.0030461
0.0033087
0.003487
0.0035725
0.0035623
0.00346
0.0032763
0.0030282
0.0027364
0.0024222
0.0021043
0.001797
0.0015103
0.0012503
0.0010201
0.0008203
0.00064917
0.00050377
0.00038089
0.00027798
0.00019332
0.00012576
7.4229e-05
3.7485e-05
1.4101e-05
2.7932e-06
-6.4328e-11
-1.3758e-09
6.1642e-10
6.8105e-08
4.6003e-07
1.891e-06
5.9331e-06
1.5578e-05
3.5976e-05
7.5361e-05
0.00014613
0.00026594
0.00045832
0.00075194
0.001177
0.001757
0.002497
0.0033713
0.004323
0.005276
0.0061565
0.0069111
0.0075149
0.0079696
0.0082944
0.0085166
0.0086633
0.0087566
0.0088117
0.0088376
0.0088378
0.0088116
0.0087552
0.0086624
0.0085248
0.0083328
0.0080763
0.0077467
0.0073389
0.0068531
0.0062966
0.0056833
0.0050325
0.0043671
0.0037109
0.0030867
0.0025131
0.0020031
0.001563
0.0011933
0.00088986
0.00064611
0.00045433
0.00030696
0.00019711
0.00011857
6.5538e-05
3.2416e-05
1.3794e-05
4.7366e-06
1.1652e-06
1.5733e-07
4.976e-09
5.8172e-06
2.8617e-05
7.1439e-05
0.0001288
0.00019264
0.00025263
0.00029651
0.00031048
0.00027959
0.00018795
1.8921e-05
-0.00024441
-0.00061786
-0.0011127
-0.0017294
-0.0024483
-0.0032207
-0.0039685
-0.0046001
-0.0050376
-0.0052393
-0.0052059
-0.0049708
-0.0045837
-0.0040954
-0.0035484
-0.0029732
-0.0023889
-0.0018062
-0.00123
-0.00066201
-0.00010251
0.00044834
0.00098965
0.0015189
0.0020313
0.0025186
0.0029693
0.0033686
0.0036996
0.0039461
0.0040949
0.0041384
0.0040766
0.0039171
0.0036755
0.0033726
0.0030321
0.0026766
0.0023249
0.0019912
0.0016848
0.0014108
0.0011699
0.00095952
0.00077511
0.00061207
0.00046735
0.00034005
0.00023099
0.00014181
7.3991e-05
2.8493e-05
5.7006e-06
2.8744e-11
1.8511e-09
2.9104e-08
2.1106e-07
9.8128e-07
3.4291e-06
9.827e-06
2.4348e-05
5.3987e-05
0.00010966
0.00020743
0.00036945
0.00062386
0.0010023
0.0015328
0.0022275
0.0030688
0.0040026
0.0049491
0.0058255
0.0065694
0.0071511
0.0075723
0.0078565
0.0080369
0.0081462
0.0082105
0.0082476
0.0082676
0.0082749
0.00827
0.0082507
0.0082131
0.0081512
0.0080577
0.0079231
0.0077367
0.0074875
0.0071661
0.0067675
0.0062929
0.0057513
0.0051585
0.0045354
0.0039054
0.003292
0.0027156
0.0021922
0.0017315
0.0013373
0.0010083
0.00073983
0.00052551
0.00035853
0.00023238
0.00014102
7.8576e-05
3.9145e-05
1.6761e-05
5.7846e-06
1.4286e-06
1.9342e-07
6.1254e-09
5.9836e-06
2.934e-05
7.2633e-05
0.00012912
0.00018895
0.00023949
0.00026577
0.00025091
0.0001764
2.2445e-05
-0.00023167
-0.00060633
-0.0011185
-0.0017752
-0.0025634
-0.0034376
-0.0043144
-0.0050855
-0.0056496
-0.0059453
-0.0059648
-0.0057446
-0.0053452
-0.0048294
-0.0042497
-0.0036428
-0.0030305
-0.0024235
-0.0018257
-0.0012374
-0.00065751
-8.4543e-05
0.00048264
0.0010444
0.0015996
0.0021451
0.0026744
0.0031769
0.0036378
0.0040386
0.0043591
0.0045811
0.0046916
0.0046852
0.0045659
0.0043464
0.0040472
0.003693
0.0033095
0.0029201
0.0025433
0.0021923
0.0018745
0.0015915
0.0013397
0.0011126
0.00090374
0.00070941
0.00052975
0.00036837
0.0002307
0.00012228
4.7602e-05
9.5668e-06
2.341e-10
8.6592e-09
8.4662e-08
4.6769e-07
1.8494e-06
5.8349e-06
1.562e-05
3.6891e-05
7.8952e-05
0.00015599
0.00028827
0.00050257
0.00083063
0.0013035
0.00194
0.0027314
0.0036299
0.0045549
0.0054166
0.0061436
0.0067001
0.0070873
0.0073323
0.0074736
0.0075486
0.0075864
0.0076058
0.0076168
0.0076232
0.0076249
0.0076203
0.0076066
0.0075807
0.0075387
0.0074751
0.0073825
0.0072515
0.0070708
0.0068289
0.0065162
0.0061286
0.0056688
0.0051477
0.0045829
0.0039962
0.0034106
0.0028479
0.0023261
0.0018578
0.0014498
0.0011037
0.00081717
0.00058533
0.00040247
0.00026275
0.0001605
8.9958e-05
4.5045e-05
1.9371e-05
6.7086e-06
1.6613e-06
2.2534e-07
7.1421e-09
6.0032e-06
2.9296e-05
7.1618e-05
0.00012459
0.00017601
0.00021031
0.00020902
0.0001513
1.4253e-05
-0.00022653
-0.00059598
-0.0011167
-0.0018027
-0.0026488
-0.0036157
-0.0046184
-0.005534
-0.0062358
-0.0066375
-0.0067184
-0.0065169
-0.0061049
-0.0055602
-0.0049474
-0.0043103
-0.0036733
-0.0030468
-0.0024331
-0.0018309
-0.0012377
-0.00065115
-6.9385e-05
0.00050908
0.0010852
0.0016589
0.0022287
0.0027904
0.0033354
0.0038505
0.0043167
0.0047117
0.0050124
0.0051997
0.0052622
0.0051983
0.0050172
0.0047374
0.0043841
0.0039851
0.0035676
0.0031545
0.0027632
0.002404
0.0020797
0.0017858
0.0015135
0.0012541
0.001003
0.00076178
0.00053753
0.00034073
0.00018229
7.1407e-05
1.4388e-05
6.1156e-10
2.0946e-08
1.8143e-07
8.9593e-07
3.2347e-06
9.5124e-06
2.4131e-05
5.4679e-05
0.00011324
0.00021772
0.00039274
0.00066893
0.0010787
0.0016465
0.0023728
0.0032192
0.0041083
0.0049459
0.0056522
0.0061849
0.0065428
0.0067556
0.0068662
0.006916
0.006936
0.0069452
0.0069525
0.0069599
0.006966
0.0069684
0.0069643
0.0069517
0.0069288
0.0068937
0.0068438
0.0067746
0.0066792
0.0065479
0.006369
0.0061309
0.0058247
0.0054476
0.0050046
0.0045084
0.0039778
0.0034345
0.0029004
0.0023946
0.0019319
0.0015218
0.0011684
0.00087169
0.00062865
0.00043487
0.0002854
0.00017511
9.8522e-05
4.9486e-05
2.1334e-05
7.403e-06
1.8359e-06
2.4928e-07
7.9047e-09
5.7433e-06
2.782e-05
6.6664e-05
0.00011186
0.00014828
0.00015667
0.00011422
-4.7845e-06
-0.00022842
-0.00058603
-0.0011058
-0.0018088
-0.0026988
-0.0037448
-0.0048655
-0.0059276
-0.0067786
-0.0073021
-0.0074579
-0.0072829
-0.0068612
-0.0062874
-0.0056409
-0.0049743
-0.004315
-0.0036726
-0.0030472
-0.0024352
-0.0018324
-0.001236
-0.00064364
-5.415e-05
0.00053357
0.0011204
0.0017072
0.0022938
0.0028782
0.003455
0.0040132
0.0045359
0.0049998
0.0053787
0.0056475
0.0057881
0.0057924
0.0056645
0.0054197
0.0050824
0.0046817
0.0042477
0.0038075
0.0033826
0.0029867
0.0026237
0.0022884
0.0019696
0.001656
0.0013421
0.0010311
0.00073471
0.00046938
0.00025262
9.9341e-05
2.0048e-05
1.1947e-09
3.9783e-08
3.2753e-07
1.5297e-06
5.2388e-06
1.4705e-05
3.5853e-05
7.8563e-05
0.00015809
0.00029624
0.00052142
0.00086592
0.0013579
0.0020068
0.0027858
0.0036254
0.0044305
0.0051145
0.0056272
0.0059637
0.0061541
0.0062442
0.0062786
0.00629
0.0062971
0.0063073
0.0063208
0.0063344
0.0063445
0.0063476
0.0063416
0.0063252
0.0062981
0.0062602
0.0062111
0.0061492
0.0060707
0.0059686
0.0058329
0.0056518
0.0054139
0.0051119
0.0047452
0.0043211
0.0038542
0.0033636
0.0028699
0.0023927
0.0019481
0.0015473
0.0011967
0.0008985
0.00065143
0.00045255
0.00029796
0.00018325
0.00010326
5.1916e-05
2.2394e-05
7.7736e-06
1.9283e-06
2.6186e-07
8.3041e-09
5.0318e-06
2.4052e-05
5.5529e-05
8.6609e-05
9.8658e-05
6.7976e-05
-3.3418e-05
-0.00023693
-0.00057621
-0.0010848
-0.0017912
-0.0027081
-0.0038156
-0.0050406
-0.0062462
-0.007257
-0.0079219
-0.0081731
-0.0080394
-0.0076153
-0.0070145
-0.0063339
-0.0056375
-0.004957
-0.0043011
-0.0036672
-0.0030485
-0.002439
-0.0018345
-0.0012329
-0.00063318
-3.5056e-05
0.0005618
0.001158
0.0017545
0.0023523
0.0029515
0.0035495
0.004139
0.0047059
0.0052286
0.0056791
0.0060281
0.0062506
0.0063314
0.0062683
0.0060721
0.005765
0.0053764
0.0049383
0.0044816
0.0040316
0.0036052
0.0032077
0.002833
0.0024674
0.0020969
0.0017154
0.0013283
0.00095255
0.00061164
0.00033042
0.00013026
2.6314e-05
2.0035e-09
6.5807e-08
5.2769e-07
2.3883e-06
7.9166e-06
2.1534e-05
5.0999e-05
0.00010881
0.00021358
0.00039066
0.00067069
0.0010837
0.0016467
0.0023455
0.0031226
0.0038873
0.004548
0.0050461
0.0053701
0.0055481
0.0056271
0.0056539
0.0056629
0.0056728
0.0056898
0.0057125
0.0057362
0.0057559
0.0057678
0.005769
0.0057582
0.0057351
0.0057002
0.0056545
0.0055991
0.0055346
0.0054597
0.0053706
0.00526
0.0051174
0.0049313
0.0046915
0.0043932
0.0040384
0.0036371
0.0032048
0.0027599
0.0023212
0.0019051
0.001524
0.001186
0.00089484
0.00065117
0.00045342
0.00029885
0.00018378
0.00010346
5.1945e-05
2.2372e-05
7.7546e-06
1.9213e-06
2.6071e-07
8.2646e-09
3.6664e-06
1.6982e-05
3.5601e-05
4.384e-05
1.8998e-05
-6.7747e-05
-0.00025025
-0.00056598
-0.0010537
-0.0017488
-0.0026735
-0.0038207
-0.0051298
-0.006469
-0.0076468
-0.0084757
-0.0088503
-0.0087815
-0.0083692
-0.0077466
-0.0070319
-0.006304
-0.0056012
-0.0049325
-0.0042919
-0.0036693
-0.0030556
-0.0024454
-0.0018358
-0.0012264
-0.00061734
-9.3373e-06
0.00059719
0.0012024
0.001807
0.0024128
0.0030211
0.003632
0.0042419
0.0048406
0.0054093
0.0059208
0.0063431
0.0066455
0.0068057
0.0068143
0.0066766
0.0064115
0.0060472
0.0056171
0.0051547
0.0046888
0.004239
0.0038121
0.0034008
0.0029887
0.0025596
0.0021071
0.0016399
0.0011805
0.0007603
0.00041161
0.0001625
3.2846e-05
3.0557e-09
9.9557e-08
7.8555e-07
3.4843e-06
1.1296e-05
3.0034e-05
6.954e-05
0.0001451
0.00027849
0.00049753
0.00083224
0.0013049
0.0019139
0.0026169
0.0033327
0.0039684
0.0044568
0.0047772
0.0049519
0.0050271
0.0050511
0.0050602
0.005074
0.0050982
0.0051301
0.0051637
0.0051931
0.0052138
0.005223
0.0052192
0.0052018
0.0051712
0.0051281
0.0050741
0.0050108
0.0049399
0.0048621
0.004776
0.0046774
0.0045582
0.004408
0.0042161
0.0039747
0.0036822
0.0033436
0.0029707
0.002579
0.0021855
0.001806
0.0014533
0.0011363
0.00086029
0.00062716
0.00043676
0.00028743
0.00017625
9.8843e-05
4.9416e-05
2.1195e-05
7.3204e-06
1.8087e-06
2.4495e-07
7.7583e-09
1.4206e-06
5.4834e-06
3.9827e-06
-2.1912e-05
-9.9418e-05
-0.00026296
-0.00055256
-0.0010114
-0.0016813
-0.002594
-0.0037558
-0.005123
-0.0065771
-0.0079221
-0.008937
-0.0094702
-0.0095003
-0.0091231
-0.008489
-0.0077409
-0.0069779
-0.0062492
-0.0055658
-0.0049191
-0.0042942
-0.003679
-0.0030655
-0.0024504
-0.0018329
-0.0012137
-0.00059431
2.4075e-05
0.00064046
0.0012545
0.0018668
0.0024789
0.0030932
0.0037115
0.0043335
0.0049529
0.005555
0.0061149
0.0065998
0.0069752
0.0072122
0.0072943
0.0072206
0.0070055
0.0066752
0.0062633
0.0058051
0.0053321
0.0048664
0.0044153
0.0039703
0.0035123
0.0030235
0.0024983
0.0019494
0.001406
0.00090665
0.00049129
0.00019407
3.9237e-05
4.3612e-09
1.413e-07
1.1023e-06
4.818e-06
1.5359e-05
4.0103e-05
9.1101e-05
0.00018632
0.00034998
0.00061039
0.0009929
0.0015062
0.0021249
0.0027823
0.0033893
0.0038712
0.0041955
0.0043752
0.0044525
0.0044762
0.0044852
0.004501
0.0045298
0.0045682
0.0046092
0.0046461
0.0046738
0.0046896
0.004692
0.0046808
0.0046561
0.0046185
0.0045688
0.0045084
0.004439
0.0043625
0.0042805
0.0041936
0.0040997
0.0039936
0.003867
0.00371
0.0035139
0.0032743
0.0029927
0.0026769
0.0023394
0.0019948
0.0016574
0.0013396
0.0010507
0.00079662
0.00058045
0.00040316
0.00026407
0.00016088
8.9543e-05
4.4416e-05
1.891e-05
6.4899e-06
1.5955e-06
2.1535e-07
6.8101e-09
-1.9459e-06
-1.1632e-05
-4.2329e-05
-0.00011618
-0.00026511
-0.00052924
-0.00095433
-0.0015875
-0.0024695
-0.0036198
-0.0050144
-0.0065558
-0.0080569
-0.0092746
-0.010006
-0.01018
-0.0098724
-0.009245
-0.0084669
-0.007664
-0.0069026
-0.0061998
-0.0055449
-0.0049185
-0.0043037
-0.0036896
-0.0030716
-0.0024487
-0.0018218
-0.0011927
-0.00056331
6.4835e-05
0.0006905
0.001313
0.0019326
0.0025504
0.0031692
0.0037919
0.0044204
0.0050523
0.0056769
0.0062728
0.0068082
0.0072464
0.0075533
0.0077059
0.0076968
0.0075354
0.0072452
0.006859
0.006413
0.0059407
0.0054656
0.0049951
0.0045187
0.0040153
0.0034665
0.0028687
0.0022396
0.0016153
0.0010415
0.00056428
0.00022288
4.5061e-05
5.9058e-09
1.9051e-07
1.4731e-06
6.3632e-06
2.0003e-05
5.1416e-05
0.0001148
0.00023034
0.00042336
0.0007199
0.0011362
0.0016629
0.0022518
0.0028233
0.0032985
0.0036321
0.0038239
0.0039086
0.0039339
0.0039413
0.0039555
0.0039846
0.0040253
0.0040698
0.0041105
0.004142
0.0041613
0.0041674
0.0041604
0.0041406
0.0041087
0.0040653
0.0040112
0.0039472
0.0038748
0.0037956
0.0037114
0.0036237
0.0035321
0.0034338
0.0033228
0.0031909
0.0030298
0.0028339
0.0026022
0.0023394
0.0020547
0.0017599
0.0014678
0.0011895
0.00093391
0.00070733
0.00051353
0.00035438
0.00022998
0.00013851
7.6108e-05
3.726e-05
1.567e-05
5.3216e-06
1.2975e-06
1.7412e-07
5.4921e-09
-6.6607e-06
-3.548e-05
-0.00010609
-0.00024384
-0.00048515
-0.00087524
-0.0014641
-0.0022995
-0.0034138
-0.0048028
-0.006396
-0.0080291
-0.0094539
-0.01042
-0.010792
-0.010604
-0.010014
-0.0092155
-0.0083683
-0.0075645
-0.0068335
-0.0061657
-0.0055365
-0.0049232
-0.004311
-0.0036929
-0.0030675
-0.0024358
-0.0018
-0.0011623
-0.00052448
0.00011181
0.00074533
0.0013752
0.0020014
0.0026246
0.0032473
0.0038729
0.004505
0.0051439
0.0057828
0.006404
0.006978
0.0074673
0.0078343
0.0080504
0.0081023
0.0079943
0.0077465
0.0073902
0.0069619
0.0064962
0.0060168
0.0055302
0.005024
0.0044754
0.0038666
0.0031981
0.0024936
0.0017958
0.0011562
0.00062578
0.000247
4.9926e-05
7.6377e-09
2.4551e-07
1.8842e-06
8.0569e-06
2.5016e-05
6.3385e-05
0.00013921
0.00027404
0.00049253
0.00081535
0.0012462
0.0017565
0.0022825
0.0027466
0.0030916
0.0033014
0.0033992
0.0034285
0.0034329
0.0034415
0.0034656
0.0035035
0.0035469
0.0035874
0.003619
0.0036384
0.0036448
0.0036385
0.0036206
0.0035919
0.0035533
0.0035055
0.0034487
0.0033837
0.0033113
0.0032327
0.0031495
0.0030633
0.0029748
0.0028826
0.0027829
0.0026698
0.0025361
0.0023761
0.0021875
0.0019726
0.0017378
0.0014924
0.0012468
0.0010106
0.00079199
0.00059702
0.00042988
0.00029302
0.00018708
0.00011047
5.9391e-05
2.8433e-05
1.1707e-05
3.9031e-06
9.3774e-07
1.2454e-07
3.9096e-09
-1.2899e-05
-6.6904e-05
-0.0001893
-0.00040815
-0.00076357
-0.0013044
-0.0020821
-0.0031394
-0.0044912
-0.0060962
-0.0078236
-0.0094415
-0.010669
-0.011298
-0.011294
-0.010788
-0.0099901
-0.0090983
-0.0082405
-0.0074683
-0.0067783
-0.0061423
-0.0055304
-0.004922
-0.0043068
-0.0036819
-0.0030485
-0.0024091
-0.0017663
-0.0011222
-0.00047847
0.00016363
0.00080295
0.0014386
0.0020701
0.002698
0.0033242
0.0039522
0.0045864
0.0052291
0.0058766
0.0065147
0.0071166
0.0076454
0.0080613
0.0083315
0.0084374
0.0083787
0.0081719
0.0078466
0.0074389
0.0069832
0.0065027
0.0060018
0.0054659
0.0048717
0.004204
0.0034689
0.0026968
0.0019365
0.0012437
0.0006719
0.0002649
5.3517e-05
9.4666e-09
3.0335e-07
2.3129e-06
9.8008e-06
3.0088e-05
7.5205e-05
0.00016252
0.00031383
0.00055111
0.00088713
0.0013114
0.0017798
0.0022235
0.0025776
0.0028094
0.0029261
0.0029635
0.0029651
0.0029646
0.0029786
0.003008
0.0030453
0.0030815
0.0031094
0.0031255
0.0031287
0.0031197
0.0030999
0.0030707
0.0030333
0.0029886
0.0029371
0.0028791
0.0028149
0.0027449
0.0026698
0.0025907
0.0025089
0.0024254
0.00234
0.0022505
0.0021528
0.0020414
0.0019115
0.0017603
0.0015885
0.0014004
0.0012027
0.0010035
0.00081075
0.00063131
0.00047081
0.0003335
0.00022216
0.00013765
7.8377e-05
4.0425e-05
1.8518e-05
7.2986e-06
2.3375e-06
5.4305e-07
7.0375e-08
2.1837e-09
-2.0742e-05
-0.00010627
-0.00029266
-0.0006098
-0.0011
-0.0018132
-0.002798
-0.0040851
-0.0056614
-0.0074357
-0.0092114
-0.010704
-0.011641
-0.011897
-0.011544
-0.010788
-0.0098619
-0.0089399
-0.0081092
-0.0073824
-0.0067313
-0.0061185
-0.005515
-0.0049054
-0.0042842
-0.0036522
-0.0030123
-0.0023676
-0.0017206
-0.001073
-0.00042615
0.00021904
0.00086166
0.0015009
0.0021361
0.0027674
0.0033964
0.0040264
0.0046619
0.0053066
0.0059591
0.006608
0.0072291
0.0077866
0.00824
0.0085533
0.0087039
0.0086875
0.0085174
0.0082214
0.0078344
0.0073898
0.0069091
0.0063938
0.0058271
0.0051868
0.0044623
0.0036669
0.0028382
0.0020296
0.0012991
0.00070005
0.00027555
5.5633e-05
1.1274e-08
3.6027e-07
2.7308e-06
1.1476e-05
3.4858e-05
8.5992e-05
0.00018289
0.00034638
0.00059405
0.00092928
0.0013285
0.0017384
0.002094
0.002348
0.0024892
0.0025406
0.0025421
0.0025311
0.0025304
0.0025458
0.0025719
0.0025992
0.00262
0.0026295
0.0026263
0.0026112
0.0025857
0.002552
0.0025115
0.0024657
0.0024153
0.0023609
0.0023026
0.0022404
0.0021744
0.0021049
0.0020324
0.0019578
0.0018819
0.001805
0.0017259
0.0016424
0.0015506
0.001447
0.001329
0.0011965
0.0010519
0.00089995
0.00074639
0.00059725
0.0004581
0.00033383
0.00022854
0.00014507
8.4173e-05
4.3964e-05
2.0318e-05
8.1294e-06
2.729e-06
7.2957e-07
1.4051e-07
1.5388e-08
4.3542e-10
-3.0144e-05
-0.00015332
-0.00041526
-0.0008463
-0.0014887
-0.0023903
-0.0035914
-0.0051025
-0.0068723
-0.0087519
-0.010483
-0.011758
-0.012351
-0.012241
-0.011594
-0.010663
-0.0096747
-0.0087665
-0.007982
-0.0073013
-0.006681
-0.006082
-0.0054804
-0.0048664
-0.0042391
-0.0036018
-0.0029581
-0.0023112
-0.0016631
-0.0010153
-0.00036839
0.00027697
0.00092013
0.0015604
0.002197
0.0028301
0.0034607
0.0040919
0.0047283
0.005374
0.0060291
0.0066843
0.0073176
0.0078945
0.0083743
0.0087193
0.008904
0.0089211
0.0087813
0.0085104
0.008142
0.0077075
0.0072252
0.0066934
0.0060939
0.0054072
0.0046296
0.0037828
0.0029111
0.0020711
0.0013201
0.00070911
0.00027855
5.6195e-05
1.2937e-08
4.1239e-07
3.1091e-06
1.2966e-05
3.8989e-05
9.4978e-05
0.00019887
0.00036942
0.00061876
0.00094083
0.001302
0.0016461
0.0019175
0.0020866
0.0021592
0.0021664
0.0021466
0.0021287
0.0021252
0.0021345
0.0021484
0.002158
0.0021577
0.0021451
0.0021207
0.0020864
0.0020442
0.0019965
0.001945
0.0018909
0.0018352
0.0017783
0.0017202
0.0016609
0.0016001
0.0015377
0.0014737
0.0014085
0.0013425
0.001276
0.0012087
0.0011394
0.0010663
0.00098683
0.0008993
0.00080318
0.00069969
0.00059156
0.00048248
0.00037658
0.00027802
0.00019091
0.00011904
6.4994e-05
2.9107e-05
8.9592e-06
1.4745e-07
-2.1465e-06
-1.7337e-06
-8.2415e-07
-2.4533e-07
-3.703e-08
-1.2271e-09
-4.0921e-05
-0.00020709
-0.00055445
-0.001112
-0.0019194
-0.0030181
-0.0044342
-0.0061505
-0.0080693
-0.0099823
-0.011585
-0.012576
-0.012811
-0.01237
-0.011495
-0.010457
-0.0094563
-0.0085879
-0.0078548
-0.0072139
-0.0066152
-0.0060229
-0.0054197
-0.0048012
-0.0041698
-0.0035301
-0.002886
-0.0022404
-0.0015948
-0.00094988
-0.00030605
0.00033646
0.00097725
0.0016157
0.0022514
0.002884
0.0035146
0.004146
0.0047824
0.0054284
0.0060845
0.0067428
0.0073826
0.0079706
0.0084666
0.008832
0.0090398
0.0090806
0.0089632
0.0087118
0.008358
0.0079305
0.0074434
0.0068915
0.0062565
0.0055239
0.004699
0.0038123
0.0029137
0.0020603
0.0013067
0.00069939
0.00027409
5.5244e-05
1.4353e-08
4.5647e-07
3.4247e-06
1.4181e-05
4.2244e-05
0.00010167
0.00020968
0.00038224
0.00062557
0.00092529
0.0012413
0.0015194
0.0017155
0.0018158
0.0018372
0.0018141
0.0017796
0.001754
0.0017418
0.0017372
0.0017315
0.0017178
0.0016928
0.0016562
0.0016096
0.0015556
0.0014967
0.0014351
0.0013726
0.0013105
0.0012497
0.0011906
0.0011332
0.0010774
0.0010227
0.00096854
0.00091456
0.00086045
0.0008062
0.00075196
0.0006979
0.00064391
0.00058942
0.00053347
0.00047506
0.00041364
0.00034943
0.00028353
0.0002177
0.00015428
9.6102e-05
4.6498e-05
8.7817e-06
-1.4974e-05
-2.5197e-05
-2.5021e-05
-1.9099e-05
-1.1788e-05
-5.8582e-06
-2.2423e-06
-5.9414e-07
-8.4111e-08
-2.716e-09
-5.2772e-05
-0.00026608
-0.00070618
-0.0013989
-0.0023782
-0.0036749
-0.0052952
-0.0071875
-0.0092036
-0.01108
-0.012486
-0.013158
-0.013047
-0.012327
-0.011288
-0.010197
-0.0092193
-0.0084025
-0.007718
-0.0071084
-0.0065237
-0.0059343
-0.0053291
-0.0047081
-0.0040759
-0.0034376
-0.0027969
-0.0021561
-0.0015163
-0.00087757
-0.00023997
0.0003966
0.001032
0.0016659
0.0022977
0.0029275
0.0035561
0.0041862
0.0048218
0.0054672
0.006123
0.0067815
0.0074229
0.0080149
0.0085176
0.0088927
0.0091127
0.009167
0.0090636
0.0088251
0.0084808
0.0080556
0.0075587
0.0069821
0.0063093
0.0055331
0.0046692
0.0037565
0.0028484
0.0020003
0.0012617
0.00067252
0.00026287
5.2926e-05
1.5458e-08
4.9066e-07
3.665e-06
1.5078e-05
4.4526e-05
0.00010596
0.0002154
0.00038563
0.00061721
0.00088901
0.0011577
0.0013738
0.0015052
0.0015503
0.0015331
0.0014872
0.0014393
0.0014018
0.001374
0.0013484
0.0013175
0.0012767
0.0012249
0.0011631
0.0010939
0.00102
0.00094413
0.00086861
0.00079522
0.00072529
0.00065967
0.00059878
0.00054264
0.00049093
0.00044303
0.0003981
0.00035521
0.00031352
0.00027253
0.00023219
0.00019294
0.00015553
0.00012063
8.8512e-05
5.8997e-05
3.1549e-05
5.5831e-06
-1.9279e-05
-4.2994e-05
-6.4851e-05
-8.3177e-05
-9.5362e-05
-9.8696e-05
-9.1946e-05
-7.6575e-05
-5.653e-05
-3.6571e-05
-2.0364e-05
-9.4602e-06
-3.462e-06
-8.9066e-07
-1.2381e-07
-3.9668e-09
-6.5322e-05
-0.00032841
-0.00086556
-0.0016975
-0.0028496
-0.004338
-0.0061441
-0.0081772
-0.010238
-0.012017
-0.013178
-0.01352
-0.013093
-0.012148
-0.011003
-0.0099018
-0.0089658
-0.008203
-0.0075605
-0.0069747
-0.0063995
-0.0058121
-0.0052069
-0.0045869
-0.0039579
-0.0033249
-0.0026914
-0.0020591
-0.0014285
-0.00079928
-0.0001711
0.00045641
0.0010834
0.0017096
0.0023348
0.0029592
0.0035837
0.0042108
0.0048443
0.005488
0.0061419
0.0067982
0.0074369
0.0080261
0.0085269
0.0089017
0.0091233
0.0091816
0.0090837
0.0088512
0.0085105
0.0080816
0.0075691
0.0069631
0.0062513
0.0054363
0.0045443
0.0036214
0.0027219
0.0018971
0.0011893
0.00063112
0.00024597
4.9465e-05
1.6245e-08
5.1471e-07
3.8297e-06
1.5664e-05
4.5893e-05
0.00010808
0.00021678
0.00038153
0.00059775
0.00083917
0.0010615
0.0012215
0.0012979
0.0012985
0.0012507
0.0011849
0.0011215
0.0010667
0.0010168
0.00096452
0.0009044
0.00083406
0.00075394
0.00066622
0.00057384
0.0004798
0.00038686
0.00029735
0.00021312
0.00013551
6.5397e-05
3.2019e-06
-5.1103e-05
-9.7969e-05
-0.00013825
-0.00017313
-0.000204
-0.00023222
-0.00025872
-0.00028375
-0.00030658
-0.00032577
-0.00033958
-0.00034668
-0.00034662
-0.00033997
-0.00032808
-0.0003127
-0.00029532
-0.00027658
-0.00025576
-0.0002309
-0.00020009
-0.00016325
-0.00012309
-8.4326e-05
-5.1578e-05
-2.7543e-05
-1.2406e-05
-4.4403e-06
-1.1248e-06
-1.5483e-07
-4.9392e-09
-7.8172e-05
-0.00039209
-0.0010275
-0.0019985
-0.0033189
-0.0049871
-0.0069557
-0.0090922
-0.011148
-0.012778
-0.013665
-0.013684
-0.01298
-0.011865
-0.010659
-0.0095763
-0.0086919
-0.0079802
-0.0073728
-0.0068055
-0.0062382
-0.0056544
-0.0050526
-0.0044379
-0.0038165
-0.0031931
-0.0025707
-0.0019505
-0.0013324
-0.00071602
-0.00010048
0.00051481
0.0011302
0.0017458
0.0023616
0.002978
0.0035961
0.0042183
0.0048483
0.0054889
0.0061392
0.0067904
0.0074219
0.0080021
0.0084929
0.0088582
0.0090721
0.0091254
0.0090254
0.0087921
0.0084485
0.0080094
0.007475
0.0068356
0.006086
0.0052398
0.0043334
0.0034174
0.0025442
0.0017588
0.0010955
0.00057849
0.00022474
4.5139e-05
1.6753e-08
5.2999e-07
3.9301e-06
1.5993e-05
4.6527e-05
0.00010855
0.00021505
0.00037244
0.00057162
0.00078239
0.00096105
0.0010711
0.0011006
0.0010643
0.00099018
0.00090459
0.00082193
0.00074424
0.00066666
0.0005834
0.00049108
0.00038928
0.00027974
0.00016534
4.9302e-05
-6.5229e-05
-0.00017545
-0.00027899
-0.00037397
-0.00045898
-0.00053314
-0.00059604
-0.00064779
-0.00068903
-0.00072086
-0.00074486
-0.00076287
-0.00077669
-0.00078761
-0.00079593
-0.00080064
-0.00079963
-0.00079028
-0.00077049
-0.00073942
-0.00069786
-0.00064802
-0.00059289
-0.00053529
-0.00047693
-0.00041777
-0.00035651
-0.00029228
-0.00022644
-0.00016307
-0.00010742
-6.3611e-05
-3.3103e-05
-1.4616e-05
-5.1537e-06
-1.2917e-06
-1.7657e-07
-5.6156e-09
-9.0953e-05
-0.0004553
-0.0011876
-0.0022935
-0.0037737
-0.0056059
-0.0077112
-0.0099143
-0.01192
-0.013364
-0.01396
-0.013674
-0.012735
-0.011497
-0.010268
-0.0092215
-0.0083914
-0.0077256
-0.0071475
-0.0065961
-0.0060376
-0.0054608
-0.004867
-0.0042624
-0.003653
-0.0030433
-0.0024359
-0.0018313
-0.0012293
-0.000629
-2.9303e-05
0.00057062
0.0011714
0.0017734
0.002377
0.0029828
0.0035923
0.0042078
0.0048324
0.0054682
0.0061127
0.0067555
0.0073752
0.0079403
0.0084137
0.0087612
0.0089592
0.0089998
0.0088908
0.0086505
0.0082976
0.0078414
0.0072794
0.0066047
0.0058216
0.0049552
0.00405
0.003158
0.0023274
0.0015951
0.00098663
0.00051831
0.00020068
4.025e-05
1.7061e-08
5.3905e-07
3.9859e-06
1.615e-05
4.6699e-05
0.00010805
0.00021165
0.00036098
0.00054285
0.00072398
0.0008622
0.00092773
0.00091684
0.00084847
0.0007499
0.00064273
0.00053652
0.00043084
0.00032109
0.00020339
7.6516e-05
-5.8313e-05
-0.00019835
-0.00034022
-0.00048046
-0.00061585
-0.00074353
-0.0008611
-0.00096661
-0.0010586
-0.0011363
-0.0011991
-0.0012475
-0.0012823
-0.0013048
-0.0013171
-0.0013215
-0.0013199
-0.0013141
-0.0013041
-0.0012887
-0.001265
-0.0012299
-0.0011807
-0.0011165
-0.0010388
-0.00095052
-0.00085597
-0.00075898
-0.00066197
-0.00056538
-0.00046869
-0.00037234
-0.00027939
-0.00019517
-0.00012509
-7.2356e-05
-3.6934e-05
-1.606e-05
-5.5971e-06
-1.3911e-06
-1.8909e-07
-5.9989e-09
-0.00010336
-0.00051659
-0.0013421
-0.0025762
-0.004205
-0.0061832
-0.0083991
-0.010634
-0.012552
-0.013777
-0.014078
-0.013511
-0.01238
-0.011061
-0.0098356
-0.0088353
-0.0080578
-0.0074324
-0.0068799
-0.0063441
-0.0057973
-0.0052319
-0.0046512
-0.0040615
-0.0034688
-0.0028771
-0.0022884
-0.0017031
-0.0011205
-0.00053955
4.1127e-05
0.00062261
0.0012058
0.0017914
0.0023802
0.002973
0.0035716
0.0041784
0.0047958
0.0054244
0.0060601
0.0066908
0.0072938
0.0078376
0.0082869
0.0086096
0.0087848
0.0088066
0.008683
0.00843
0.0080614
0.0075821
0.0069884
0.0062797
0.005471
0.0045982
0.0037108
0.0028592
0.0020849
0.001416
0.00086946
0.00045424
0.00017523
3.5094e-05
1.7276e-08
5.4529e-07
4.0227e-06
1.6241e-05
4.672e-05
0.00010731
0.00020801
0.0003495
0.0005147
0.00066775
0.00076862
0.0007942
0.0007475
0.00065012
0.00052723
0.00039588
0.00026193
0.00012382
-2.1843e-05
-0.0001768
-0.00034028
-0.00050963
-0.0006813
-0.00085149
-0.0010165
-0.0011732
-0.0013184
-0.0014499
-0.0015656
-0.0016641
-0.0017445
-0.0018066
-0.0018508
-0.0018782
-0.0018906
-0.0018903
-0.00188
-0.001862
-0.0018379
-0.0018077
-0.0017694
-0.00172
-0.0016557
-0.001574
-0.0014743
-0.0013587
-0.0012315
-0.0010978
-0.00096225
-0.0008276
-0.00069472
-0.00056402
-0.00043763
-0.00032036
-0.00021844
-0.00013694
-7.7706e-05
-3.9035e-05
-1.6757e-05
-5.7824e-06
-1.4267e-06
-1.93e-07
-6.1096e-09
-0.0001152
-0.00057495
-0.0014886
-0.0028427
-0.0046072
-0.0067131
-0.0090143
-0.011249
-0.013044
-0.014028
-0.014035
-0.013216
-0.011934
-0.010566
-0.0093644
-0.0084148
-0.0076863
-0.0070967
-0.0065679
-0.0060493
-0.0055181
-0.0049693
-0.0044069
-0.0038373
-0.0032658
-0.0026962
-0.0021301
-0.0015675
-0.0010077
-0.00044917
0.00010944
0.00066955
0.0012324
0.0017989
0.0023703
0.0029479
0.0035336
0.0041294
0.0047371
0.0053557
0.0059791
0.0065932
0.0071742
0.0076911
0.0081102
0.0084024
0.0085497
0.0085483
0.0084058
0.0081351
0.0077453
0.0072379
0.0066115
0.0058738
0.0050512
0.0041878
0.0033347
0.0025378
0.0018303
0.0012314
0.00075029
0.00038969
0.00014974
2.9941e-05
1.752e-08
5.5255e-07
4.0689e-06
1.638e-05
4.6918e-05
0.00010706
0.00020546
0.00033997
0.00048952
0.00061601
0.0006821
0.00067121
0.00059197
0.00046722
0.00031923
0.00016086
-4.6393e-06
-0.0001789
-0.00036361
-0.00055828
-0.00076027
-0.00096569
-0.0011702
-0.0013697
-0.0015602
-0.0017384
-0.0019013
-0.0020465
-0.002172
-0.0022764
-0.0023589
-0.0024193
-0.0024584
-0.0024775
-0.0024788
-0.002465
-0.0024389
-0.0024029
-0.0023584
-0.002305
-0.0022405
-0.0021614
-0.002064
-0.0019462
-0.0018081
-0.0016531
-0.0014864
-0.0013139
-0.0011407
-0.00096956
-0.00080188
-0.00063935
-0.00048598
-0.00034815
-0.00023245
-0.00014294
-7.9757e-05
-3.9507e-05
-1.6769e-05
-5.7358e-06
-1.406e-06
-1.8937e-07
-5.9827e-09
-0.00012635
-0.00062987
-0.001626
-0.003091
-0.0049784
-0.0071941
-0.0095563
-0.01176
-0.0134
-0.014124
-0.013846
-0.012805
-0.011409
-0.010023
-0.0088563
-0.0079581
-0.0072741
-0.0067166
-0.0062113
-0.0057128
-0.0052018
-0.004675
-0.0041363
-0.0035917
-0.003046
-0.0025026
-0.0019627
-0.0014263
-0.0008924
-0.00035942
0.00017428
0.00071029
0.0012501
0.0017952
0.002347
0.0029072
0.0034776
0.00406
0.004655
0.00526
0.0058668
0.0064594
0.0070132
0.0074978
0.0078818
0.0081395
0.0082557
0.0082282
0.0080636
0.0077712
0.0073559
0.0068181
0.0061617
0.0054043
0.0045824
0.0037451
0.0029413
0.0022102
0.0015759
0.00105
0.00063458
0.00032754
0.00012533
2.5017e-05
1.7924e-08
5.6497e-07
4.1545e-06
1.6686e-05
4.7615e-05
0.00010798
0.00020513
0.00033384
0.00046877
0.0005698
0.00060295
0.00055812
0.00044857
0.00029721
0.00012291
-6.5168e-05
-0.00026548
-0.00047898
-0.00070536
-0.00094193
-0.0011843
-0.0014274
-0.0016661
-0.0018958
-0.0021125
-0.0023127
-0.0024934
-0.0026521
-0.0027869
-0.0028965
-0.0029802
-0.0030382
-0.0030713
-0.0030812
-0.0030704
-0.0030417
-0.002998
-0.0029418
-0.0028739
-0.0027936
-0.0026985
-0.0025849
-0.0024498
-0.0022918
-0.0021126
-0.0019165
-0.00171
-0.0014993
-0.0012895
-0.0010835
-0.0008832
-0.00069204
-0.00051591
-0.00036226
-0.00023726
-0.00014337
-7.8796e-05
-3.854e-05
-1.6191e-05
-5.4938e-06
-1.3387e-06
-1.7956e-07
-5.6623e-09
-0.00013681
-0.00068131
-0.0017543
-0.0033215
-0.0053194
-0.007628
-0.010028
-0.01217
-0.013625
-0.014074
-0.013523
-0.012294
-0.010818
-0.009436
-0.0083134
-0.0074648
-0.0068208
-0.0062931
-0.0058121
-0.0053371
-0.0048513
-0.0043518
-0.003842
-0.0033272
-0.0028118
-0.0022985
-0.0017885
-0.0012815
-0.00077648
-0.00027179
0.00023438
0.00074385
0.0012584
0.0017798
0.0023098
0.0028502
0.003403
0.0039691
0.0045479
0.005135
0.0057203
0.006286
0.0068074
0.0072553
0.0076009
0.0078218
0.0079056
0.0078507
0.0076621
0.0073452
0.0069023
0.0063355
0.005656
0.0048919
0.004087
0.0032914
0.002549
0.0018908
0.0013326
0.0008789
0.00052669
0.00027005
0.00010287
2.0495e-05
1.8627e-08
5.8682e-07
4.3101e-06
1.7276e-05
4.9122e-05
0.0001107
0.00020794
0.00033206
0.00045298
0.00052898
0.00053024
0.00045322
0.00031488
0.00013715
-6.473e-05
-0.00028482
-0.00052255
-0.00077773
-0.0010479
-0.0013283
-0.0016128
-0.0018952
-0.0021694
-0.0024306
-0.0026743
-0.0028968
-0.0030954
-0.0032674
-0.0034112
-0.0035254
-0.0036097
-0.0036644
-0.0036905
-0.0036901
-0.0036657
-0.0036202
-0.0035566
-0.0034768
-0.0033814
-0.0032693
-0.003138
-0.0029845
-0.0028067
-0.0026046
-0.0023816
-0.0021432
-0.0018968
-0.0016488
-0.0014039
-0.0011651
-0.00093555
-0.0007203
-0.00052688
-0.00036297
-0.00023348
-0.00013883
-7.5252e-05
-3.6382e-05
-1.5141e-05
-5.0993e-06
-1.2356e-06
-1.651e-07
-5.197e-09
-0.00014665
-0.00072964
-0.0018744
-0.003536
-0.0056334
-0.008019
-0.010434
-0.012483
-0.013723
-0.013887
-0.01308
-0.011696
-0.010173
-0.0088132
-0.0077389
-0.0069368
-0.0063289
-0.0058293
-0.0053739
-0.0049262
-0.0044702
-0.004003
-0.0035271
-0.0030468
-0.0025658
-0.0020864
-0.0016095
-0.001135
-0.00066158
-0.00018767
0.00028866
0.00076942
0.0012566
0.0017522
0.0022583
0.0027766
0.0033088
0.0038551
0.0044135
0.0049778
0.0055362
0.00607
0.0065546
0.0069625
0.007268
0.0074516
0.0075033
0.0074213
0.0072081
0.0068658
0.0063962
0.0058058
0.0051146
0.0043592
0.0035874
0.0028467
0.002174
0.0015918
0.0011087
0.00072353
0.0004297
0.00021876
8.2922e-05
1.6487e-05
1.9772e-08
6.2257e-07
4.5671e-06
1.8267e-05
5.1738e-05
0.00011574
0.00021454
0.00033499
0.00044175
0.00049226
0.00046197
0.0003539
0.00018781
-1.6235e-05
-0.0002468
-0.00050066
-0.00077766
-0.0010762
-0.0013918
-0.0017176
-0.0020458
-0.0023688
-0.0026799
-0.0029736
-0.0032451
-0.0034906
-0.0037073
-0.0038926
-0.004045
-0.0041635
-0.0042476
-0.0042981
-0.0043162
-0.0043039
-0.004264
-0.0041992
-0.004112
-0.0040042
-0.003876
-0.0037261
-0.0035525
-0.0033531
-0.0031275
-0.0028776
-0.0026084
-0.0023271
-0.0020412
-0.0017571
-0.0014792
-0.001211
-0.00095676
-0.00072346
-0.00051931
-0.00035124
-0.00022214
-0.00013013
-6.9633e-05
-3.3306e-05
-1.374e-05
-4.5954e-06
-1.1076e-06
-1.4746e-07
-4.634e-09
-0.00015601
-0.00077553
-0.0019881
-0.0037377
-0.0059248
-0.008372
-0.010777
-0.012701
-0.013695
-0.013567
-0.012528
-0.011025
-0.0094844
-0.0081616
-0.0071376
-0.0063785
-0.0058029
-0.0053304
-0.0049024
-0.0044851
-0.0040633
-0.0036329
-0.0031953
-0.0027535
-0.0023106
-0.0018685
-0.0014279
-0.00098852
-0.00054916
-0.00010822
0.00033625
0.00078636
0.0012443
0.0017121
0.0021919
0.0026855
0.0031938
0.0037163
0.0042495
0.0047858
0.0053121
0.0058092
0.0062535
0.0066197
0.006885
0.0070328
0.0070543
0.0069466
0.0067096
0.0063439
0.0058524
0.0052483
0.0045597
0.0038292
0.0031047
0.0024282
0.0018291
0.001322
0.00090976
0.00058725
0.00034546
0.00017452
6.5799e-05
1.3053e-05
2.1509e-08
6.7684e-07
4.9576e-06
1.9775e-05
5.5733e-05
0.00012355
0.00022526
0.00034229
0.00043369
0.00045728
0.0003951
0.00025671
6.3606e-05
-0.00016677
-0.00042681
-0.00071549
-0.0010327
-0.0013754
-0.0017372
-0.0021092
-0.002482
-0.0028468
-0.0031959
-0.003523
-0.0038232
-0.0040923
-0.0043274
-0.0045262
-0.0046871
-0.0048093
-0.0048927
-0.004938
-0.0049466
-0.0049205
-0.0048623
-0.0047746
-0.0046594
-0.0045181
-0.0043507
-0.0041563
-0.0039338
-0.0036827
-0.0034046
-0.0031036
-0.0027868
-0.0024621
-0.0021376
-0.0018192
-0.0015114
-0.0012184
-0.00094596
-0.00070201
-0.00049452
-0.00032856
-0.00020447
-0.0001181
-6.2448e-05
-2.9573e-05
-1.21e-05
-4.0206e-06
-9.6424e-07
-1.2793e-07
-4.0138e-09
-0.00016506
-0.00081986
-0.0020974
-0.0039302
-0.0061983
-0.0086914
-0.011059
-0.01282
-0.01354
-0.013121
-0.011879
-0.010295
-0.0087638
-0.0074893
-0.006516
-0.0057962
-0.0052503
-0.0048042
-0.0044049
-0.0040208
-0.0036365
-0.0032466
-0.0028508
-0.0024511
-0.0020495
-0.0016476
-0.0012458
-0.00084378
-0.00044052
-3.4421e-05
0.00037644
0.00079418
0.001221
0.001659
0.0021102
0.0025759
0.0030567
0.0035508
0.0040539
0.0045569
0.0050462
0.0055029
0.0059048
0.0062291
0.0064559
0.0065706
0.0065649
0.0064344
0.0061769
0.0057927
0.0052885
0.0046839
0.0040138
0.003323
0.0026564
0.0020493
0.0015233
0.0010871
0.00073908
0.00047171
0.00027471
0.00013763
5.1583e-05
1.0207e-05
2.3995e-08
7.5436e-07
5.5135e-06
2.191e-05
6.1345e-05
0.00013438
0.00023998
0.00035277
0.00042624
0.00042051
0.00032558
0.00015725
-6.235e-05
-0.00031911
-0.000609
-0.00093276
-0.00129
-0.0016765
-0.0020841
-0.0025021
-0.0029197
-0.0033266
-0.0037142
-0.0040754
-0.0044047
-0.0046979
-0.0049518
-0.0051642
-0.0053336
-0.0054592
-0.005541
-0.0055799
-0.0055771
-0.0055346
-0.0054547
-0.0053395
-0.0051909
-0.0050098
-0.0047966
-0.004551
-0.0042733
-0.0039652
-0.0036306
-0.0032762
-0.0029107
-0.0025429
-0.0021811
-0.0018311
-0.0014978
-0.0011863
-0.00090354
-0.00065742
-0.0004543
-0.00029652
-0.00018164
-0.0001035
-5.4104e-05
-2.5379e-05
-1.0304e-05
-3.4028e-06
-8.1227e-07
-1.0742e-07
-3.3652e-09
-0.000174
-0.00086358
-0.0022047
-0.0041169
-0.006458
-0.0089797
-0.011279
-0.012837
-0.013255
-0.012556
-0.011146
-0.0095201
-0.0080225
-0.0068052
-0.0058823
-0.0051987
-0.0046803
-0.0042603
-0.0038906
-0.0035415
-0.003197
-0.0028501
-0.0024988
-0.0021436
-0.0017858
-0.0014261
-0.0010651
-0.00070234
-0.00033681
3.2921e-05
0.00040867
0.00079245
0.0011864
0.0015924
0.0020123
0.002447
0.0028962
0.0033576
0.0038255
0.0042906
0.004739
0.0051527
0.0055115
0.0057952
0.0059863
0.0060718
0.0060429
0.005894
0.0056218
0.0052278
0.0047233
0.0041337
0.0034974
0.0028584
0.0022561
0.0017189
0.0012622
0.00088995
0.00059788
0.00037723
0.00021737
0.00010794
4.0194e-05
7.9316e-06
2.7389e-08
8.5996e-07
6.2663e-06
2.4773e-05
6.8749e-05
0.00014828
0.00025797
0.00036417
0.00041563
0.00037724
0.00024827
5.0077e-05
-0.00019586
-0.00047916
-0.00079894
-0.0011571
-0.0015531
-0.0019815
-0.0024328
-0.0028951
-0.003356
-0.0038041
-0.0042297
-0.0046249
-0.0049835
-0.0053009
-0.0055738
-0.0057997
-0.0059773
-0.0061057
-0.006185
-0.0062158
-0.0061993
-0.0061373
-0.0060316
-0.0058841
-0.0056962
-0.005469
-0.0052034
-0.0049005
-0.0045624
-0.0041931
-0.0037994
-0.00339
-0.0029754
-0.0025653
-0.0021681
-0.0017902
-0.0014371
-0.0011149
-0.00083088
-0.00059148
-0.00040029
-0.00025634
-0.00015442
-8.6735e-05
-4.4801e-05
-2.0813e-05
-8.3853e-06
-2.7527e-06
-6.542e-07
-8.6255e-08
-2.6986e-09
-0.00018302
-0.00090756
-0.0023118
-0.0043007
-0.0067059
-0.0092355
-0.01143
-0.01274
-0.012838
-0.011878
-0.010345
-0.0087144
-0.007272
-0.0061186
-0.0052456
-0.0045966
-0.0041044
-0.0037102
-0.0033706
-0.0030573
-0.0027535
-0.0024507
-0.0021451
-0.0018359
-0.0015231
-0.0012072
-0.00088818
-0.0005658
-0.00023916
9.3049e-05
0.00043244
0.00078084
0.0011401
0.0015121
0.001898
0.0022983
0.0027122
0.0031364
0.0035651
0.0039884
0.004393
0.0047626
0.0050789
0.0053243
0.0054834
0.005544
0.0054971
0.005336
0.0050576
0.0046656
0.0041756
0.0036166
0.0030275
0.0024484
0.0019127
0.0014425
0.0010484
0.0007314
0.000486
0.00030326
0.00017291
8.507e-05
3.1464e-05
6.1903e-06
3.1853e-08
9.9835e-07
7.2451e-06
2.8446e-05
7.8026e-05
0.00016498
0.00027772
0.00037307
0.00039682
0.00032163
0.00015694
-7.157e-05
-0.00034431
-0.00065464
-0.0010041
-0.0013953
-0.0018271
-0.0022937
-0.0027846
-0.0032872
-0.003788
-0.0042746
-0.0047361
-0.0051638
-0.0055508
-0.0058918
-0.0061832
-0.0064224
-0.0066076
-0.0067379
-0.0068133
-0.0068341
-0.0068013
-0.0067163
-0.0065806
-0.0063957
-0.0061631
-0.0058843
-0.0055611
-0.0051961
-0.0047937
-0.0043607
-0.0039063
-0.0034414
-0.002978
-0.0025269
-0.002097
-0.0016958
-0.0013298
-0.0010056
-0.00072957
-0.0005055
-0.00033327
-0.00020827
-0.00012273
-6.7634e-05
-3.4386e-05
-1.5775e-05
-6.2959e-06
-2.0529e-06
-4.8567e-07
-6.3854e-08
-1.9954e-09
-0.00019226
-0.00095244
-0.00242
-0.0044827
-0.0069414
-0.0094531
-0.011497
-0.012516
-0.012285
-0.011098
-0.0094897
-0.0078923
-0.0065232
-0.005439
-0.0046162
-0.0040013
-0.0035355
-0.0031673
-0.0028576
-0.0025796
-0.0023161
-0.002057
-0.0017969
-0.0015335
-0.0012659
-0.00099391
-0.00071738
-0.0004359
-0.00014873
0.00014522
0.00044733
0.00075916
0.0010823
0.0014181
0.0017675
0.0021305
0.0025056
0.0028893
0.0032752
0.0036542
0.0040137
0.0043391
0.0046145
0.0048246
0.0049557
0.0049964
0.0049374
0.0047719
0.0044979
0.0041217
0.0036616
0.0031475
0.0026156
0.0021011
0.001631
0.0012224
0.00088259
0.00061118
0.00040277
0.00024906
0.0001407
6.8637e-05
2.5221e-05
4.9478e-06
3.7543e-08
1.174e-06
8.4756e-06
3.2983e-05
8.9132e-05
0.00018375
0.00029678
0.00037476
0.00036355
0.00024675
4.412e-05
-0.00021609
-0.00051717
-0.00085573
-0.0012346
-0.0016565
-0.0021201
-0.0026191
-0.0031432
-0.0036794
-0.0042139
-0.0047336
-0.0052268
-0.0056836
-0.0060964
-0.0064593
-0.0067679
-0.0070191
-0.0072107
-0.0073417
-0.0074114
-0.0074201
-0.0073682
-0.0072569
-0.0070872
-0.0068608
-0.0065792
-0.0062447
-0.0058603
-0.0054306
-0.0049622
-0.0044645
-0.0039491
-0.0034292
-0.0029179
-0.0024276
-0.0019685
-0.0015493
-0.0011777
-0.00086003
-0.00060053
-0.00039944
-0.00025235
-0.00015101
-8.5274e-05
-4.5154e-05
-2.2164e-05
-9.8811e-06
-3.8605e-06
-1.2409e-06
-2.9107e-07
-3.8099e-08
-1.1887e-09
-0.00020178
-0.00099846
-0.0025295
-0.0046621
-0.0071599
-0.009621
-0.011464
-0.01215
-0.011597
-0.01023
-0.008598
-0.0070671
-0.0057857
-0.004775
-0.0040042
-0.0034251
-0.0029871
-0.0026456
-0.0023654
-0.0021214
-0.0018961
-0.0016786
-0.001462
-0.0012428
-0.0010191
-0.00079017
-0.00055547
-0.00031456
-6.6796e-05
0.00018871
0.00045306
0.00072751
0.0010133
0.0013114
0.0016223
0.0019456
0.0022794
0.00262
0.0029612
0.0032945
0.0036086
0.003891
0.0041278
0.0043058
0.004413
0.0044388
0.0043742
0.0042133
0.0039555
0.0036089
0.0031928
0.0027352
0.0022679
0.0018198
0.0014125
0.0010589
0.0007646
0.00052904
0.00034788
0.00021434
0.0001205
5.848e-05
2.1395e-05
4.1888e-06
4.4615e-08
1.3914e-06
9.9797e-06
3.8409e-05
0.00010186
0.00020336
0.00031165
0.0003633
0.00030854
0.00014467
-9.9081e-05
-0.00039394
-0.00072655
-0.0010956
-0.001504
-0.001954
-0.0024439
-0.0029678
-0.0035161
-0.0040764
-0.0046352
-0.0051794
-0.0056967
-0.0061767
-0.0066106
-0.0069917
-0.0073146
-0.0075755
-0.0077717
-0.0079013
-0.0079635
-0.0079578
-0.0078844
-0.0077439
-0.0075375
-0.0072667
-0.0069336
-0.0065414
-0.0060945
-0.0055994
-0.0050653
-0.0045037
-0.0039285
-0.0033548
-0.0027975
-0.0022705
-0.001786
-0.0013542
-0.00098348
-0.0006794
-0.0004433
-0.00027126
-0.00015453
-8.1293e-05
-3.9142e-05
-1.7085e-05
-6.6951e-06
-2.3334e-06
-7.1391e-07
-1.8569e-07
-3.7375e-08
-4.4791e-09
-1.3533e-10
-0.00021154
-0.0010453
-0.0026391
-0.0048352
-0.0073526
-0.0097217
-0.011307
-0.01163
-0.010779
-0.0092904
-0.0076862
-0.00625
-0.0050674
-0.0041346
-0.0034194
-0.0028797
-0.0024724
-0.0021588
-0.0019077
-0.0016956
-0.0015056
-0.001326
-0.0011493
-0.00097101
-0.00078845
-0.00060025
-0.00040561
-0.00020396
5.2802e-06
0.00022284
0.00044958
0.00068643
0.00093428
0.0011937
0.0014649
0.0017471
0.0020382
0.0023344
0.0026302
0.0029178
0.0031875
0.0034285
0.0036293
0.0037785
0.0038658
0.0038816
0.0038181
0.0036707
0.0034401
0.0031355
0.0027749
0.0023827
0.0019847
0.0016036
0.0012558
0.0009513
0.00069443
0.00048555
0.0003222
0.0001999
0.00011291
5.4934e-05
2.0119e-05
3.9399e-06
5.3247e-08
1.6551e-06
1.1779e-05
4.4723e-05
0.00011585
0.00022198
0.00031777
0.00033174
0.00022361
6.3838e-06
-0.00028331
-0.00061812
-0.00098755
-0.0013907
-0.0018294
-0.0023048
-0.0028152
-0.0033554
-0.003917
-0.0044892
-0.0050599
-0.0056165
-0.0061469
-0.0066404
-0.0070874
-0.0074801
-0.0078122
-0.0080789
-0.0082764
-0.0084021
-0.0084544
-0.0084322
-0.0083353
-0.0081641
-0.0079194
-0.0076031
-0.007218
-0.0067682
-0.0062598
-0.0057012
-0.0051035
-0.0044805
-0.0038479
-0.0032229
-0.0026221
-0.0020615
-0.0015553
-0.0011153
-0.0007503
-0.00046443
-0.000256
-0.00011703
-3.4713e-05
6.1394e-06
2.0312e-05
2.0131e-05
1.4379e-05
8.201e-06
3.7668e-06
1.3403e-06
3.3356e-07
4.5025e-08
1.4204e-09
-0.00022138
-0.0010923
-0.0027462
-0.0049956
-0.0075061
-0.0097329
-0.011002
-0.010947
-0.0098445
-0.0082986
-0.0067693
-0.0054498
-0.0043741
-0.0035246
-0.0028703
-0.0023754
-0.0020029
-0.0017192
-0.0014969
-0.0013145
-0.0011558
-0.0010096
-0.00086792
-0.0007258
-0.0005801
-0.000429
-0.0002714
-0.00010659
6.6008e-05
0.00024702
0.0004371
0.00063693
0.00084709
0.0010679
0.0012992
0.0015399
0.0017881
0.0020401
0.0022911
0.0025341
0.0027612
0.0029632
0.0031306
0.0032542
0.0033251
0.0033354
0.0032789
0.0031525
0.0029582
0.0027048
0.0024078
0.0020867
0.001761
0.0014473
0.0011572
0.00089765
0.00067229
0.00048245
0.00032814
0.0002081
0.00011968
5.9034e-05
2.1817e-05
4.288e-06
6.3692e-08
1.9722e-06
1.3906e-05
5.1933e-05
0.00013059
0.00023719
0.00030959
0.00027222
9.9836e-05
-0.0001784
-0.00052137
-0.00090437
-0.0013183
-0.0017608
-0.0022316
-0.0027305
-0.003256
-0.0038039
-0.0043676
-0.0049386
-0.0055065
-0.0060605
-0.0065895
-0.0070828
-0.0075308
-0.0079247
-0.0082574
-0.0085228
-0.0087161
-0.0088338
-0.008873
-0.0088321
-0.0087103
-0.0085074
-0.0082245
-0.0078635
-0.0074278
-0.0069229
-0.0063561
-0.0057375
-0.0050802
-0.0043998
-0.0037137
-0.0030409
-0.0024001
-0.0018092
-0.0012845
-0.000839
-0.00048179
-0.00021564
-3.6099e-05
6.8167e-05
0.00011343
0.00011797
9.9164e-05
7.1324e-05
4.439e-05
2.3676e-05
1.0524e-05
3.6899e-06
9.1351e-07
1.2321e-07
3.8887e-09
-0.00023105
-0.0011378
-0.0028469
-0.0051346
-0.0076037
-0.0096287
-0.010528
-0.010102
-0.0088111
-0.0072754
-0.0058603
-0.0046729
-0.003711
-0.0029507
-0.0023642
-0.0019203
-0.0015872
-0.001336
-0.0011424
-0.00098741
-0.00085629
-0.00073841
-0.00062625
-0.00051474
-0.00040059
-0.00028176
-0.00015698
-2.5416e-05
0.00011356
0.00026049
0.00041591
0.00058031
0.00075405
0.00093724
0.0011295
0.0013298
0.0015361
0.0017454
0.0019532
0.0021538
0.0023407
0.0025065
0.0026435
0.0027443
0.0028019
0.0028104
0.0027653
0.0026651
0.0025126
0.0023157
0.0020865
0.0018393
0.0015877
0.0013423
0.00111
0.00089456
0.00069796
0.00052207
0.0003694
0.00024272
0.00014381
7.2587e-05
2.7244e-05
5.3888e-06
7.6403e-08
2.3553e-06
1.6427e-05
6.0117e-05
0.00014552
0.00024591
0.0002806
0.00017605
-7.271e-05
-0.00042169
-0.00082846
-0.0012709
-0.0017391
-0.0022276
-0.0027338
-0.0032561
-0.0037932
-0.0043422
-0.0048986
-0.0054562
-0.0060074
-0.0065432
-0.0070542
-0.0075308
-0.0079635
-0.0083438
-0.0086637
-0.0089163
-0.009096
-0.0091979
-0.0092185
-0.009155
-0.0090058
-0.0087705
-0.0084498
-0.0080459
-0.0075628
-0.0070067
-0.0063862
-0.0057131
-0.0050017
-0.0042692
-0.0035348
-0.0028189
-0.0021421
-0.0015242
-0.00098293
-0.00053277
-0.0001827
6.5481e-05
0.00021803
0.00028858
0.00029594
0.00026106
0.00020414
0.00014222
8.754e-05
4.6691e-05
2.0867e-05
7.3702e-06
1.8375e-06
2.4919e-07
7.8855e-09
-0.00024021
-0.0011804
-0.0029365
-0.005242
-0.0076263
-0.0093825
-0.009869
-0.0091059
-0.0077038
-0.006241
-0.0049698
-0.0039247
-0.0030825
-0.002418
-0.0019061
-0.0015193
-0.00123
-0.0010135
-0.00084889
-0.00071948
-0.00061247
-0.00051838
-0.00043042
-0.0003439
-0.00025568
-0.00016373
-6.6755e-05
3.6114e-05
0.0001455
0.00026193
0.00038582
0.00051756
0.00065736
0.00080521
0.00096066
0.0011227
0.0012895
0.0014585
0.0016259
0.0017872
0.001937
0.0020696
0.0021791
0.0022599
0.0023068
0.0023158
0.0022844
0.0022125
0.0021035
0.0019639
0.0018027
0.0016295
0.0014524
0.0012767
0.0011045
0.0009357
0.00076922
0.00060589
0.00044988
0.00030837
0.00018918
9.8041e-05
3.7447e-05
7.4601e-06
9.2272e-08
2.83e-06
1.9485e-05
6.9535e-05
0.00016005
0.00024422
0.00022301
3.3323e-05
-0.00030546
-0.00073756
-0.0012219
-0.0017373
-0.0022708
-0.0028133
-0.0033596
-0.0039076
-0.0044561
-0.0050036
-0.0055478
-0.0060846
-0.0066088
-0.0071139
-0.0075922
-0.0080357
-0.0084359
-0.0087847
-0.0090745
-0.0092981
-0.0094492
-0.0095225
-0.0095136
-0.009419
-0.0092365
-0.008965
-0.0086051
-0.0081589
-0.0076307
-0.0070273
-0.0063584
-0.0056364
-0.0048772
-0.004099
-0.0033222
-0.0025686
-0.0018602
-0.0012182
-0.00066175
-0.00020594
0.00014
0.00037461
0.00050483
0.00054532
0.00051626
0.00044061
0.00034126
0.00023866
0.00014858
8.0441e-05
3.6509e-05
1.3074e-05
3.2955e-06
4.5032e-07
1.4299e-08
-0.00024854
-0.0012182
-0.0030103
-0.0053073
-0.0075539
-0.0089695
-0.0090212
-0.0079815
-0.0065521
-0.0052157
-0.0041079
-0.0032116
-0.0024943
-0.0019314
-0.0014995
-0.0011741
-0.00093168
-0.00075136
-0.00061556
-0.00051025
-0.00042462
-0.00035062
-0.00028245
-0.00021605
-0.00014865
-7.8446e-05
-4.2328e-06
7.4791e-05
0.0001592
0.00024944
0.00034586
0.00044876
0.00055824
0.00067423
0.00079629
0.00092351
0.0010544
0.0011867
0.0013175
0.0014432
0.0015596
0.0016625
0.0017476
0.0018107
0.0018488
0.0018595
0.001842
0.0017976
0.0017299
0.0016445
0.0015476
0.0014452
0.001341
0.0012358
0.0011273
0.0010104
0.00087971
0.00073227
0.00057173
0.00040913
0.00025981
0.00013812
5.3636e-05
1.0756e-05
1.1307e-07
3.4475e-06
2.3371e-05
8.0761e-05
0.00017338
0.00022671
0.00012694
-0.00016802
-0.00061213
-0.0011422
-0.0017197
-0.0023221
-0.0029317
-0.0035363
-0.0041293
-0.0047081
-0.0052721
-0.0058212
-0.0063546
-0.0068705
-0.0073653
-0.0078345
-0.0082723
-0.008672
-0.0090266
-0.0093289
-0.0095717
-0.0097486
-0.0098534
-0.0098808
-0.0098262
-0.009686
-0.0094578
-0.0091402
-0.0087336
-0.0082404
-0.0076649
-0.0070143
-0.0062988
-0.0055316
-0.0047291
-0.0039103
-0.0030964
-0.00231
-0.001574
-0.00091041
-0.000339
0.00012467
0.00047116
0.00069876
0.00081407
0.00083142
0.00077102
0.00065671
0.00051349
0.0003652
0.0002322
0.00012855
5.9588e-05
2.1723e-05
5.5499e-06
7.6515e-07
2.439e-08
-0.00025581
-0.0012502
-0.0030645
-0.0053209
-0.0073662
-0.0083695
-0.0079935
-0.0067623
-0.0053894
-0.00422
-0.0032868
-0.0025429
-0.0019538
-0.0014954
-0.0011456
-0.00088326
-0.00068857
-0.00054444
-0.00043668
-0.00035393
-0.00028745
-0.00023073
-0.00017903
-0.00012903
-7.8452e-05
-2.578e-05
2.9994e-05
8.9549e-05
0.00015336
0.00022178
0.00029507
0.00037343
0.00045691
0.00054537
0.00063842
0.00073527
0.0008347
0.00093494
0.0010337
0.0011284
0.0012158
0.0012929
0.0013567
0.0014048
0.0014354
0.0014479
0.0014429
0.0014227
0.0013913
0.0013533
0.0013136
0.0012753
0.0012392
0.001203
0.0011607
0.0011024
0.0010166
0.00089366
0.00073284
0.00054667
0.00035871
0.00019526
7.696e-05
1.5524e-05
1.4225e-07
4.3067e-06
2.864e-05
9.4802e-05
0.00018382
0.00018483
-2.1433e-05
-0.0004436
-0.0010092
-0.001653
-0.0023384
-0.003039
-0.0037335
-0.0044078
-0.0050546
-0.0056718
-0.0062597
-0.0068191
-0.0073507
-0.0078538
-0.0083264
-0.0087652
-0.0091656
-0.0095222
-0.0098288
-0.010079
-0.010267
-0.010387
-0.010432
-0.010399
-0.010283
-0.010082
-0.009792
-0.0094135
-0.008947
-0.0083953
-0.0077632
-0.0070585
-0.0062917
-0.0054766
-0.0046299
-0.003771
-0.0029215
-0.0021039
-0.0013414
-0.00065595
-6.7146e-05
0.00040967
0.00076508
0.0009969
0.0011106
0.0011188
0.0010401
0.0008973
0.00071593
0.00052236
0.00034178
0.0001948
9.274e-05
3.4563e-05
8.9737e-06
1.2499e-06
4.0012e-08
-0.00026201
-0.001276
-0.003097
-0.0052741
-0.0070412
-0.0075699
-0.0068107
-0.0054932
-0.0042529
-0.0032771
-0.0025227
-0.0019314
-0.0014697
-0.0011141
-0.00084462
-0.00064326
-0.00049439
-0.00038466
-0.0003031
-0.00024098
-0.00019156
-0.0001498
-0.00011205
-7.5706e-05
-3.8994e-05
-7.1274e-07
3.9937e-05
8.349e-05
0.00013031
0.00018067
0.00023475
0.00029265
0.00035437
0.00041976
0.00048844
0.00055978
0.00063279
0.00070613
0.0007781
0.00084672
0.00090988
0.00096547
0.0010117
0.0010473
0.0010717
0.0010855
0.0010905
0.0010896
0.0010871
0.0010872
0.0010938
0.001109
0.0011323
0.0011595
0.0011826
0.0011883
0.0011584
0.0010738
0.00092406
0.00071814
0.00048657
0.00027092
0.00010827
2.1955e-05
1.8626e-07
5.5906e-06
3.6261e-05
0.00011295
0.00018673
0.00010373
-0.00024259
-0.00081395
-0.0015159
-0.0022862
-0.0030888
-0.0038937
-0.0046776
-0.0054265
-0.006134
-0.0067984
-0.0074209
-0.0080034
-0.0085473
-0.0090529
-0.009519
-0.0099429
-0.010321
-0.010648
-0.010919
-0.011127
-0.011268
-0.011335
-0.011323
-0.011229
-0.011049
-0.01078
-0.010421
-0.0099728
-0.0094365
-0.0088159
-0.0081172
-0.0073488
-0.0065223
-0.0056521
-0.0047553
-0.0038515
-0.002962
-0.0021091
-0.0013151
-0.00060085
1.5424e-05
0.00051959
0.00090293
0.0011629
0.0013031
0.001333
0.001267
0.0011239
0.00092653
0.00070128
0.00047714
0.00028273
0.00013943
5.3471e-05
1.4166e-05
1.997e-06
6.4238e-08
-0.00026738
-0.0012964
-0.0031075
-0.0051567
-0.0065527
-0.0065695
-0.005517
-0.0042309
-0.0031844
-0.0024146
-0.0018363
-0.0013924
-0.0010513
-0.00079129
-0.00059535
-0.00044948
-0.00034197
-0.00026304
-0.00020471
-0.00016065
-0.00012594
-9.6914e-05
-7.0873e-05
-4.5906e-05
-2.0688e-05
5.6809e-06
3.3805e-05
6.409e-05
9.6811e-05
0.00013216
0.00017026
0.00021117
0.00025486
0.00030117
0.00034978
0.00040019
0.00045165
0.00050314
0.00055344
0.00060119
0.00064495
0.00068345
0.00071571
0.00074131
0.00076058
0.00077482
0.00078642
0.00079876
0.00081597
0.0008423
0.00088134
0.00093518
0.0010036
0.001083
0.0011654
0.0012365
0.001273
0.001245
0.0011265
0.00091436
0.00064094
0.00036534
0.00014802
3.0168e-05
2.5706e-07
7.6285e-06
4.7794e-05
0.00013565
0.00017011
-4.2911e-05
-0.00056657
-0.0013046
-0.0021516
-0.0030531
-0.0039729
-0.0048798
-0.0057519
-0.0065768
-0.0073491
-0.0080682
-0.0087358
-0.0093545
-0.0099264
-0.010452
-0.010932
-0.011362
-0.01174
-0.012061
-0.01232
-0.01251
-0.012627
-0.012664
-0.012617
-0.012482
-0.012255
-0.011935
-0.011521
-0.011013
-0.010415
-0.0097315
-0.0089698
-0.0081396
-0.0072537
-0.0063274
-0.0053785
-0.0044265
-0.0034923
-0.0025972
-0.0017614
-0.0010037
-0.0003395
0.00021954
0.0006663
0.00099818
0.0012166
0.001326
0.0013338
0.0012502
0.0010897
0.00087329
0.0006296
0.00039473
0.00020484
8.184e-05
2.2302e-05
3.1939e-06
1.0332e-07
-0.00027242
-0.0013134
-0.0030954
-0.0049508
-0.0058684
-0.005387
-0.0041796
-0.0030425
-0.0022291
-0.001663
-0.0012499
-0.00094028
-0.00070603
-0.00052894
-0.00039605
-0.00029734
-0.00022474
-0.00017165
-0.00013267
-0.0001035
-8.0804e-05
-6.2065e-05
-4.543e-05
-2.9575e-05
-1.3572e-05
3.2138e-06
2.1215e-05
4.0727e-05
6.1952e-05
8.5029e-05
0.00011005
0.00013704
0.00016599
0.00019675
0.00022911
0.00026268
0.00029691
0.0003311
0.00036441
0.00039593
0.00042476
0.00045016
0.00047171
0.0004895
0.00050425
0.00051753
0.0005318
0.00055034
0.00057702
0.00061589
0.00067068
0.00074425
0.00083804
0.00095117
0.0010787
0.0012088
0.0013174
0.0013661
0.0013088
0.0011182
0.00081632
0.00047828
0.00019674
4.0308e-05
3.7793e-07
1.1038e-05
6.5614e-05
0.00015881
0.00010632
-0.00029915
-0.0010333
-0.0019433
-0.002932
-0.0039564
-0.0049816
-0.0059797
-0.0069324
-0.0078292
-0.0086662
-0.0094431
-0.010162
-0.010827
-0.011439
-0.012
-0.012509
-0.012966
-0.013367
-0.013707
-0.013981
-0.014183
-0.014308
-0.014349
-0.014303
-0.014163
-0.013927
-0.013593
-0.01316
-0.012628
-0.012003
-0.011288
-0.010492
-0.0096255
-0.0087025
-0.0077386
-0.006752
-0.0057619
-0.0047884
-0.0038507
-0.0029666
-0.0021509
-0.0014155
-0.0007683
-0.00021375
0.00024615
0.0006107
0.00087917
0.00105
0.0011213
0.0010925
0.00096919
0.00076892
0.00052739
0.00029666
0.00012655
3.6079e-05
5.2927e-06
1.7255e-07
-0.00027788
-0.0013291
-0.0030564
-0.0046185
-0.0049578
-0.004075
-0.0028923
-0.002001
-0.0014299
-0.00105
-0.00078133
-0.00058451
-0.00043747
-0.00032692
-0.0002441
-0.00018263
-0.00013748
-0.00010458
-8.059e-05
-6.2838e-05
-4.9237e-05
-3.8201e-05
-2.8556e-05
-1.9455e-05
-1.0302e-05
-6.8177e-07
9.6917e-06
2.1017e-05
3.3435e-05
4.7045e-05
6.1913e-05
7.807e-05
9.5504e-05
0.00011414
0.00013383
0.00015432
0.00017526
0.00019621
0.00021662
0.00023594
0.00025362
0.00026928
0.00028279
0.00029438
0.00030483
0.00031552
0.00032852
0.00034656
0.00037289
0.00041108
0.00046485
0.00053785
0.00063352
0.00075466
0.00090203
0.0010709
0.0012441
0.0013826
0.001423
0.001301
0.0010043
0.00061111
0.00025639
5.2858e-05
5.9784e-07
1.7047e-05
9.2763e-05
0.00016404
-6.0986e-05
-0.00072956
-0.0016861
-0.0027529
-0.0038638
-0.0049877
-0.0060959
-0.007167
-0.0081863
-0.0091454
-0.010041
-0.010873
-0.011643
-0.012356
-0.013013
-0.013616
-0.014166
-0.014661
-0.015099
-0.015476
-0.015786
-0.016025
-0.016186
-0.016263
-0.016252
-0.016147
-0.015945
-0.015643
-0.015239
-0.014735
-0.014133
-0.013439
-0.012659
-0.011805
-0.01089
-0.0099293
-0.0089409
-0.0079428
-0.0069533
-0.0059891
-0.0050646
-0.0041909
-0.0033752
-0.002621
-0.0019296
-0.001301
-0.00073638
-0.00023958
0.00018116
0.00051287
0.00073855
0.00084028
0.00080707
0.0006501
0.00041986
0.00020053
6.1953e-05
9.4893e-06
3.1343e-07
-0.00028464
-0.0013455
-0.0029744
-0.0040907
-0.0038182
-0.0027389
-0.0017689
-0.0011703
-0.00081788
-0.00059213
-0.00043739
-0.00032616
-0.00024378
-0.00018199
-0.00013568
-0.00010127
-7.6008e-05
-5.7656e-05
-4.4368e-05
-3.4656e-05
-2.7349e-05
-2.1548e-05
-1.6588e-05
-1.1982e-05
-7.3869e-06
-2.5613e-06
2.6638e-06
8.4082e-06
1.4759e-05
2.1779e-05
2.9517e-05
3.7997e-05
4.7221e-05
5.7158e-05
6.773e-05
7.8803e-05
9.0183e-05
0.00010162
0.0001128
0.00012342
0.00013318
0.00014189
0.00014952
0.00015627
0.0001627
0.00016976
0.00017889
0.00019194
0.00021126
0.00023955
0.00027996
0.00033615
0.00041251
0.00051437
0.00064775
0.0008175
0.0010214
0.0012366
0.0014008
0.001412
0.001188
0.00076863
0.00033285
6.9246e-05
1.0282e-06
2.8174e-05
0.00012833
9.6562e-05
-0.00042965
-0.001407
-0.0025563
-0.0037427
-0.0049401
-0.0061292
-0.0072913
-0.0084114
-0.0094779
-0.010484
-0.011425
-0.012302
-0.013117
-0.013872
-0.01457
-0.015214
-0.015804
-0.016339
-0.016817
-0.017235
-0.01759
-0.017875
-0.018086
-0.018217
-0.018264
-0.018221
-0.018084
-0.01785
-0.017518
-0.017087
-0.016558
-0.015937
-0.015228
-0.014441
-0.013588
-0.012683
-0.011741
-0.010779
-0.0098123
-0.0088547
-0.0079175
-0.0070082
-0.0061301
-0.0052833
-0.0044652
-0.0036731
-0.0029057
-0.0021659
-0.0014624
-0.00081151
-0.00023811
0.00022281
0.00052768
0.00063505
0.00053913
0.00031733
0.00011415
1.9068e-05
6.4586e-07
-0.00029359
-0.001361
-0.0028006
-0.0032802
-0.0025266
-0.0015445
-0.00091441
-0.00058488
-0.00040085
-0.00028694
-0.00021092
-0.00015704
-0.00011734
-8.7573e-05
-6.5217e-05
-4.8576e-05
-3.6354e-05
-2.7494e-05
-2.112e-05
-1.6519e-05
-1.3121e-05
-1.0491e-05
-8.3022e-06
-6.3152e-06
-4.36e-06
-2.3164e-06
-9.969e-08
2.3511e-06
5.0812e-06
8.1252e-06
1.151e-05
1.5252e-05
1.936e-05
2.3825e-05
2.8615e-05
3.3674e-05
3.8915e-05
4.4217e-05
4.944e-05
5.443e-05
5.9048e-05
6.3197e-05
6.6867e-05
7.0171e-05
7.3398e-05
7.7052e-05
8.1889e-05
8.8937e-05
9.9515e-05
0.00011527
0.00013826
0.00017116
0.00021763
0.00028288
0.00037433
0.00050211
0.00067775
0.00090673
0.001165
0.0013571
0.001316
0.00095226
0.00043839
9.272e-05
2.0086e-06
5.0936e-05
0.00014386
-0.00017243
-0.0011261
-0.002374
-0.0036442
-0.0048985
-0.0061378
-0.0073543
-0.0085383
-0.0096797
-0.010769
-0.011801
-0.01277
-0.013676
-0.014521
-0.015307
-0.016036
-0.016711
-0.017332
-0.017899
-0.01841
-0.018864
-0.019257
-0.019585
-0.019844
-0.020029
-0.020136
-0.020161
-0.020099
-0.019949
-0.019707
-0.019373
-0.018947
-0.018432
-0.017832
-0.017154
-0.016406
-0.0156
-0.014749
-0.013865
-0.012962
-0.01205
-0.011138
-0.010231
-0.0093303
-0.0084342
-0.0075381
-0.0066367
-0.0057255
-0.0048032
-0.0038728
-0.0029442
-0.0020359
-0.0011796
-0.00042573
0.00014976
0.00045241
0.00043282
0.00021339
4.3207e-05
1.545e-06
-0.00030702
-0.0013709
-0.0024095
-0.0021676
-0.0012969
-0.0006722
-0.00037458
-0.00023405
-0.00015781
-0.00011198
-8.1998e-05
-6.0981e-05
-4.5561e-05
-3.3994e-05
-2.5288e-05
-1.8794e-05
-1.402e-05
-1.0564e-05
-8.0906e-06
-6.3238e-06
-5.0424e-06
-4.0753e-06
-3.2937e-06
-2.6035e-06
-1.9374e-06
-1.2474e-06
-4.9989e-07
3.2963e-07
1.2595e-06
2.304e-06
3.4748e-06
4.7804e-06
6.2259e-06
7.8107e-06
9.5263e-06
1.1354e-05
1.3265e-05
1.5215e-05
1.7151e-05
1.9016e-05
2.0755e-05
2.2328e-05
2.3726e-05
2.4988e-05
2.6221e-05
2.7616e-05
2.9468e-05
3.2188e-05
3.6326e-05
4.2597e-05
5.1953e-05
6.5721e-05
8.5867e-05
0.00011546
0.00015947
0.00022602
0.00032817
0.00048552
0.00071964
0.00102
0.0012477
0.0011185
0.00058982
0.00012929
4.6041e-06
9.5688e-05
8.0172e-06
-0.00085894
-0.0022181
-0.0035944
-0.0049026
-0.0061708
-0.007409
-0.0086176
-0.0097922
-0.010926
-0.012012
-0.013044
-0.014019
-0.014936
-0.015794
-0.016596
-0.017342
-0.018035
-0.018675
-0.019261
-0.019794
-0.02027
-0.020689
-0.021046
-0.021339
-0.021565
-0.02172
-0.021802
-0.021806
-0.021731
-0.021575
-0.021336
-0.021015
-0.020612
-0.02013
-0.019573
-0.018949
-0.018263
-0.017525
-0.016745
-0.015932
-0.015094
-0.014237
-0.013366
-0.012483
-0.011584
-0.010666
-0.0097251
-0.0087545
-0.0077504
-0.0067102
-0.0056344
-0.0045277
-0.0034023
-0.0022841
-0.0012254
-0.00032818
0.00023552
0.00031578
0.00010467
4.3361e-06
-0.00032683
-0.001332
-0.0016234
-0.00097622
-0.00043433
-0.00019953
-0.00010819
-6.6424e-05
-4.4176e-05
-3.1093e-05
-2.2673e-05
-1.6831e-05
-1.2566e-05
-9.3696e-06
-6.9612e-06
-5.1614e-06
-3.8371e-06
-2.8792e-06
-2.1963e-06
-1.7124e-06
-1.3665e-06
-1.1112e-06
-9.1061e-07
-7.3848e-07
-5.7597e-07
-4.0975e-07
-2.3036e-07
-3.0996e-08
1.9349e-07
4.4717e-07
7.3341e-07
1.0549e-06
1.4135e-06
1.8096e-06
2.2419e-06
2.7064e-06
3.1958e-06
3.6996e-06
4.2041e-06
4.694e-06
5.154e-06
5.5726e-06
5.9455e-06
6.2806e-06
6.6031e-06
6.9605e-06
7.4284e-06
8.1152e-06
9.1687e-06
1.0788e-05
1.3245e-05
1.6936e-05
2.2473e-05
3.0873e-05
4.3909e-05
6.481e-05
9.969e-05
0.00016055
0.00027127
0.00047431
0.0007998
0.0010634
0.00077763
0.00018757
1.5311e-05
8.5474e-05
-0.00062936
-0.002093
-0.0035799
-0.0049347
-0.0062157
-0.0074535
-0.0086573
-0.0098298
-0.010969
-0.01207
-0.013129
-0.01414
-0.015101
-0.016009
-0.016865
-0.017668
-0.018419
-0.019117
-0.019764
-0.020359
-0.0209
-0.021387
-0.021818
-0.02219
-0.022502
-0.022752
-0.022938
-0.023056
-0.023106
-0.023086
-0.022994
-0.02283
-0.022594
-0.022285
-0.021905
-0.021458
-0.020945
-0.020372
-0.019744
-0.019068
-0.018348
-0.017591
-0.016801
-0.015981
-0.015134
-0.014258
-0.013353
-0.012415
-0.011443
-0.010431
-0.0093787
-0.0082822
-0.0071396
-0.0059491
-0.0047107
-0.0034308
-0.0021359
-0.00091609
-2.1533e-05
0.00018966
1.617e-05
-0.00037088
-0.0009811
-0.00057853
-0.0002002
-7.0838e-05
-3.1327e-05
-1.6779e-05
-1.015e-05
-6.6661e-06
-4.6519e-06
-3.3747e-06
-2.4983e-06
-1.8626e-06
-1.3873e-06
-1.0293e-06
-7.6156e-07
-5.6443e-07
-4.2191e-07
-3.2054e-07
-2.4912e-07
-1.9858e-07
-1.6189e-07
-1.3369e-07
-1.1009e-07
-8.8256e-08
-6.6209e-08
-4.2541e-08
-1.6241e-08
1.3454e-08
4.7149e-08
8.5352e-08
1.2848e-07
1.7685e-07
2.306e-07
2.8962e-07
3.5342e-07
4.2111e-07
4.9125e-07
5.6199e-07
6.3115e-07
6.965e-07
7.5625e-07
8.0954e-07
8.5713e-07
9.021e-07
9.5064e-07
1.0128e-06
1.1034e-06
1.2428e-06
1.4588e-06
1.7901e-06
2.2933e-06
3.0574e-06
4.2336e-06
6.094e-06
9.1595e-06
1.4492e-05
2.4459e-05
4.4982e-05
9.2616e-05
0.00021502
0.00050632
0.00078131
0.00028641
7.3182e-05
-0.00047223
-0.0020128
-0.0035355
-0.00489
-0.0061552
-0.0073725
-0.0085554
-0.0097079
-0.010831
-0.011923
-0.012981
-0.014001
-0.014981
-0.015917
-0.016807
-0.017651
-0.018447
-0.019194
-0.019891
-0.020538
-0.021133
-0.021676
-0.022165
-0.022599
-0.022976
-0.023296
-0.023556
-0.023756
-0.023894
-0.023969
-0.023982
-0.02393
-0.023813
-0.023633
-0.023388
-0.023079
-0.022709
-0.022278
-0.02179
-0.021246
-0.02065
-0.020005
-0.019314
-0.018581
-0.017807
-0.016995
-0.016145
-0.015258
-0.014335
-0.013376
-0.012379
-0.011346
-0.010276
-0.0091678
-0.008021
-0.0068329
-0.0055985
-0.0043081
-0.0029467
-0.0015229
-0.00026842
8.0516e-05
-0.00040503
-0.00018156
-2.7181e-05
-7.2191e-06
-2.4673e-06
-1.0823e-06
-5.7451e-07
-3.4406e-07
-2.2407e-07
-1.5545e-07
-1.1236e-07
-8.3006e-08
-6.1811e-08
-4.6002e-08
-3.4101e-08
-2.52e-08
-1.8646e-08
-1.3909e-08
-1.0543e-08
-8.1773e-09
-6.5114e-09
-5.3109e-09
-4.3987e-09
-3.6447e-09
-2.9551e-09
-2.2639e-09
-1.5245e-09
-7.0328e-10
2.2491e-10
1.2801e-09
2.4792e-09
3.8362e-09
5.3621e-09
7.0624e-09
8.9348e-09
1.0966e-08
1.3127e-08
1.5374e-08
1.7649e-08
1.988e-08
2.1995e-08
2.3935e-08
2.5665e-08
2.7205e-08
2.8646e-08
3.0176e-08
3.2109e-08
3.4905e-08
3.9209e-08
4.5902e-08
5.6206e-08
7.1917e-08
9.5861e-08
1.3284e-07
1.9155e-07
2.8878e-07
4.5917e-07
7.8139e-07
1.4589e-06
3.1016e-06
7.871e-06
2.8164e-05
0.00017624
0.00038473
-0.00040503
-0.0018963
-0.0032441
-0.0045133
-0.0057302
-0.0069154
-0.0080761
-0.0092132
-0.010326
-0.011412
-0.012469
-0.013496
-0.014488
-0.015444
-0.016361
-0.017238
-0.018071
-0.01886
-0.019602
-0.020296
-0.020941
-0.021535
-0.022077
-0.022565
-0.022999
-0.023377
-0.023698
-0.023961
-0.024166
-0.024311
-0.024398
-0.024424
-0.02439
-0.024296
-0.024142
-0.023928
-0.023656
-0.023325
-0.022936
-0.022492
-0.021992
-0.02144
-0.020836
-0.020182
-0.019481
-0.018733
-0.017941
-0.017107
-0.016232
-0.015317
-0.014366
-0.013379
-0.012359
-0.011306
-0.010224
-0.0091141
-0.0079773
-0.0068146
-0.0056256
-0.0044067
-0.0031504
-0.0018239
-0.00038473
