-0.00055622
0.0058779
0.016322
0.009132
0.00049429
-0.0011546
-0.00017775
0.00055622
-0.0013124
-0.00083994
0.0006497
0.0006544
0.00019466
-0.00015701
-0.00017775
-0.00063461
0.010504
0.035058
0.041582
0.021822
-0.00071823
-0.00032181
0.004367
-0.014102
-0.012462
-0.00025585
0.0084039
0.011999
-0.00041372
-0.0020218
0.00037545
0.013842
0.03142
0.037674
0.029663
0.01536
0.0013982
0.0018427
-0.044135
-0.029617
-0.0032046
0.01534
0.025272
0.024443
0.011745
0.0025624
0.012657
0.017679
0.018597
0.0096209
0.0028684
-0.00013488
-0.031667
-0.067549
-0.033516
-0.00293
0.024787
0.034853
0.034241
0.010941
0.0036969
0.0058522
-0.0032761
-0.0022129
-0.0010323
-0.0018642
-0.00058454
-0.074126
-0.06015
-0.018081
-0.0039385
0.021888
0.033855
0.029826
0.0030135
0.0027975
-0.0059169
-0.02517
-0.030005
-0.025194
-0.011708
-0.0016443
-0.078764
-0.029445
-0.00049118
-0.0013593
0.015113
0.018337
0.0098524
-0.010642
-0.0021896
-0.02279
-0.031648
-0.039519
-0.010685
0.012868
0.0067704
-0.036391
-0.0057913
0.00025219
0.0004052
0.0021196
0.0023132
0.0055258
0.013521
-0.036391
-0.097716
-0.12508
-0.13006
-0.094434
-0.05406
-0.013521
