-4.4857e-11
2.1077e-09
1.1641e-08
1.9642e-08
-7.5717e-09
-1.2336e-07
-3.8785e-07
-8.5574e-07
-1.5699e-06
-2.5609e-06
-3.8484e-06
-5.4364e-06
-7.2961e-06
-9.3329e-06
-1.1343e-05
-1.2969e-05
-1.369e-05
-1.2858e-05
-9.8465e-06
-4.2571e-06
3.8468e-06
1.3825e-05
2.4536e-05
3.4602e-05
4.2735e-05
4.8016e-05
5.0039e-05
4.891e-05
4.5142e-05
3.9499e-05
3.2826e-05
2.5908e-05
1.9366e-05
1.3614e-05
8.858e-06
5.1341e-06
2.3616e-06
3.9515e-07
-9.3116e-07
-1.7712e-06
-2.2463e-06
-2.4402e-06
-2.4087e-06
-2.1971e-06
-1.8551e-06
-1.4414e-06
-1.0184e-06
-6.4129e-07
-3.4745e-07
-1.511e-07
-4.4088e-08
-2.241e-09
4.609e-09
1.4594e-09
8.0177e-12
4.4857e-11
-3.6717e-10
-5.7004e-10
-1.5131e-10
7.2793e-10
1.7926e-09
2.8221e-09
3.6914e-09
4.3622e-09
4.8533e-09
5.1997e-09
5.4106e-09
5.4355e-09
5.1489e-09
4.3571e-09
2.8331e-09
3.8746e-10
-3.0249e-09
-7.186e-09
-1.155e-08
-1.5314e-08
-1.7645e-08
-1.797e-08
-1.6172e-08
-1.2595e-08
-7.8972e-09
-2.8375e-09
1.9008e-09
5.8157e-09
8.6232e-09
1.0247e-08
1.0778e-08
1.0427e-08
9.4582e-09
8.1398e-09
6.7009e-09
5.3103e-09
4.0743e-09
3.042e-09
2.2116e-09
1.5378e-09
9.4874e-10
3.7494e-10
-2.2154e-10
-8.3197e-10
-1.4056e-09
-1.869e-09
-2.1494e-09
-2.195e-09
-1.9862e-09
-1.5444e-09
-9.3926e-10
-3.0297e-10
1.629e-10
2.412e-10
8.0177e-12
3.6719e-10
9.5544e-09
4.5122e-08
6.6098e-08
-8.6547e-08
-6.71e-07
-1.9825e-06
-4.2922e-06
-7.8135e-06
-1.2698e-05
-1.9038e-05
-2.6845e-05
-3.5965e-05
-4.5917e-05
-5.5682e-05
-6.3501e-05
-6.6806e-05
-6.2454e-05
-4.7397e-05
-1.9735e-05
2.0196e-05
6.9262e-05
0.00012192
0.00017145
0.00021158
0.0002378
0.00024807
0.00024285
0.00022459
0.00019699
0.00016418
0.00013001
9.7586e-05
6.8971e-05
4.5228e-05
2.6572e-05
1.2628e-05
2.6959e-06
-4.0373e-06
-8.3298e-06
-1.0784e-05
-1.1819e-05
-1.172e-05
-1.0717e-05
-9.0623e-06
-7.0502e-06
-4.9899e-06
-3.1526e-06
-1.7212e-06
-7.639e-07
-2.395e-07
-2.9205e-08
1.2942e-08
5.0678e-09
2.4119e-10
-2.1078e-09
-9.5544e-09
-1.3528e-08
-1.6367e-09
2.4424e-08
5.685e-08
8.8729e-08
1.1594e-07
1.3707e-07
1.5256e-07
1.6338e-07
1.6976e-07
1.7009e-07
1.6046e-07
1.3485e-07
8.6257e-08
8.9324e-09
-9.833e-08
-2.2855e-07
-3.6467e-07
-4.8178e-07
-5.5419e-07
-5.6426e-07
-5.0832e-07
-3.9699e-07
-2.5046e-07
-9.2187e-08
5.6606e-08
1.8018e-07
2.6946e-07
3.218e-07
3.3983e-07
3.299e-07
3.0022e-07
2.5919e-07
2.1404e-07
1.7016e-07
1.3099e-07
9.8139e-08
7.1597e-08
4.9979e-08
3.1065e-08
1.2704e-08
-6.2702e-09
-2.5571e-08
-4.3613e-08
-5.811e-08
-6.6822e-08
-6.8167e-08
-6.1617e-08
-4.7949e-08
-2.9526e-08
-1.0663e-08
2.4797e-09
5.0679e-09
1.4593e-09
5.7082e-10
1.3538e-08
5.0779e-08
5.0909e-09
-4.8792e-07
-2.0438e-06
-5.392e-06
-1.1219e-05
-2.0072e-05
-3.2331e-05
-4.8206e-05
-6.7676e-05
-9.0275e-05
-0.00011471
-0.00013833
-0.00015671
-0.00016346
-0.00015093
-0.00011179
-4.162e-05
5.8568e-05
0.00018105
0.00031235
0.00043618
0.00053721
0.00060425
0.00063198
0.00062109
0.00057724
0.00050929
0.00042739
0.00034119
0.0002586
0.00018509
0.00012356
7.4802e-05
3.8023e-05
1.1558e-05
-6.5957e-06
-1.8343e-05
-2.5224e-05
-2.8337e-05
-2.8447e-05
-2.6191e-05
-2.224e-05
-1.7362e-05
-1.2341e-05
-7.8591e-06
-4.3649e-06
-2.0205e-06
-7.1743e-07
-1.6327e-07
-1.2073e-08
2.4834e-09
1.6299e-10
-1.1653e-08
-4.5143e-08
-5.0764e-08
3.1191e-08
2.0391e-07
4.263e-07
6.5158e-07
8.481e-07
1.0028e-06
1.1164e-06
1.1943e-06
1.2368e-06
1.232e-06
1.1516e-06
9.5259e-07
5.861e-07
1.3134e-08
-7.7171e-07
-1.7154e-06
-2.6944e-06
-3.5321e-06
-4.0479e-06
-4.1187e-06
-3.719e-06
-2.9219e-06
-1.8684e-06
-7.2304e-07
3.6308e-07
1.2755e-06
1.9455e-06
2.3497e-06
2.5031e-06
2.4485e-06
2.244e-06
1.9504e-06
1.6214e-06
1.2977e-06
1.0059e-06
7.5899e-07
5.5768e-07
3.925e-07
2.4774e-07
1.082e-07
-3.4252e-08
-1.7739e-07
-3.0974e-07
-4.1502e-07
-4.7751e-07
-4.8652e-07
-4.3942e-07
-3.4361e-07
-2.1834e-07
-9.5365e-08
-1.2079e-08
1.2951e-08
4.6102e-09
1.4926e-10
1.5388e-09
-3.2018e-08
-3.2783e-07
-1.4993e-06
-4.5854e-06
-1.0867e-05
-2.1593e-05
-3.7776e-05
-6.0103e-05
-8.8895e-05
-0.00012397
-0.00016427
-0.00020718
-0.00024766
-0.00027753
-0.00028542
-0.00025796
-0.00018277
-5.2737e-05
0.00012981
0.00035117
0.00058801
0.00081222
0.0009971
0.0011227
0.0011787
0.0011652
0.001091
0.00097115
0.0008233
0.00066503
0.00051114
0.0003723
0.0002546
0.00016011
8.7899e-05
3.5192e-05
-1.5522e-06
-2.5813e-05
-4.048e-05
-4.7684e-05
-4.8973e-05
-4.5651e-05
-3.9064e-05
-3.0678e-05
-2.1959e-05
-1.4142e-05
-8.029e-06
-3.8952e-06
-1.5413e-06
-4.6394e-07
-9.5189e-08
-1.0627e-08
-3.0166e-10
-1.9601e-08
-6.5693e-08
-3.8086e-09
3.2673e-07
9.561e-07
1.7768e-06
2.6323e-06
3.398e-06
4.0115e-06
4.4628e-06
4.763e-06
4.9075e-06
4.8458e-06
4.4661e-06
3.604e-06
2.0762e-06
-2.5469e-07
-3.3908e-06
-7.1089e-06
-1.0923e-05
-1.4158e-05
-1.6137e-05
-1.6401e-05
-1.4856e-05
-1.1773e-05
-7.6726e-06
-3.1725e-06
1.1492e-06
4.8405e-06
7.6148e-06
9.3553e-06
1.0096e-05
9.9865e-06
9.246e-06
8.1139e-06
6.8083e-06
5.5e-06
4.3034e-06
3.2776e-06
2.4313e-06
1.73e-06
1.1145e-06
5.2665e-07
-6.4044e-08
-6.4807e-07
-1.1807e-06
-1.5993e-06
-1.8452e-06
-1.8807e-06
-1.7021e-06
-1.3465e-06
-8.953e-07
-4.6418e-07
-1.6305e-07
-2.9037e-08
-2.2032e-09
-7.5339e-10
-2.5231e-08
-2.0947e-07
-9.7324e-07
-3.2205e-06
-8.4132e-06
-1.839e-05
-3.5009e-05
-5.9806e-05
-9.3793e-05
-0.00013732
-0.00018982
-0.00024925
-0.00031107
-0.00036718
-0.00040495
-0.00040752
-0.00035575
-0.0002327
-2.9477e-05
0.00024933
0.00058354
0.00093992
0.0012788
0.001562
0.0017602
0.0018567
0.0018493
0.0017484
0.0015742
0.0013521
0.0011086
0.00086684
0.00064471
0.00045316
0.00029683
0.00017537
8.5156e-05
2.1053e-05
-2.2259e-05
-4.937e-05
-6.3813e-05
-6.827e-05
-6.5029e-05
-5.6381e-05
-4.4711e-05
-3.2323e-05
-2.1107e-05
-1.2262e-05
-6.1972e-06
-2.6363e-06
-8.9457e-07
-2.1789e-07
-2.9428e-08
-9.3549e-10
8.7421e-09
9.2611e-08
5.0237e-07
1.5134e-06
3.1992e-06
5.3618e-06
7.6536e-06
9.7516e-06
1.1461e-05
1.2718e-05
1.3519e-05
1.3827e-05
1.3487e-05
1.2186e-05
9.4801e-06
4.8934e-06
-1.8989e-06
-1.0832e-05
-2.123e-05
-3.1736e-05
-4.0537e-05
-4.5858e-05
-4.6525e-05
-4.2299e-05
-3.3876e-05
-2.2598e-05
-1.0076e-05
2.1454e-06
1.281e-05
2.1063e-05
2.649e-05
2.909e-05
2.9204e-05
2.7401e-05
2.4345e-05
2.0669e-05
1.689e-05
1.3366e-05
1.0295e-05
7.7226e-06
5.568e-06
3.6736e-06
1.884e-06
1.1809e-07
-1.596e-06
-3.1356e-06
-4.3328e-06
-5.034e-06
-5.1508e-06
-4.692e-06
-3.7793e-06
-2.6372e-06
-1.5413e-06
-7.1627e-07
-2.3863e-07
-4.3875e-08
-1.8801e-09
-5.9495e-08
-4.4371e-07
-1.8337e-06
-5.4754e-06
-1.3233e-05
-2.7426e-05
-5.0434e-05
-8.4256e-05
-0.00013014
-0.00018829
-0.00025741
-0.00033397
-0.00041097
-0.00047663
-0.00051368
-0.00050002
-0.00041187
-0.00022939
5.6213e-05
0.00043694
0.00088627
0.0013627
0.0018173
0.0022029
0.0024816
0.0026302
0.0026419
0.002526
0.0023053
0.0020109
0.0016775
0.0013377
0.0010181
0.00073646
0.00050198
0.0003162
0.00017548
7.3381e-05
2.691e-06
-4.3139e-05
-6.9414e-05
-8.0338e-05
-7.954e-05
-7.0533e-05
-5.6818e-05
-4.1648e-05
-2.7629e-05
-1.6398e-05
-8.5438e-06
-3.787e-06
-1.3486e-06
-3.4372e-07
-4.7899e-08
-1.5416e-09
1.3034e-07
7.0457e-07
2.1187e-06
4.6804e-06
8.4497e-06
1.3098e-05
1.8018e-05
2.2579e-05
2.6336e-05
2.9076e-05
3.071e-05
3.1088e-05
2.9825e-05
2.6218e-05
1.932e-05
8.1743e-06
-7.7789e-06
-2.8204e-05
-5.1451e-05
-7.4494e-05
-9.3475e-05
-0.00010474
-0.00010595
-9.6657e-05
-7.8299e-05
-5.3587e-05
-2.5809e-05
1.804e-06
2.6504e-05
4.6281e-05
5.9983e-05
6.7338e-05
6.8868e-05
6.5694e-05
5.9259e-05
5.1029e-05
4.2263e-05
3.3882e-05
2.6428e-05
2.0076e-05
1.4689e-05
9.9467e-06
5.5178e-06
1.2304e-06
-2.8524e-06
-6.4657e-06
-9.2544e-06
-1.0906e-05
-1.126e-05
-1.0374e-05
-8.5346e-06
-6.2057e-06
-3.8998e-06
-2.0199e-06
-7.6238e-07
-1.5067e-07
-3.0024e-09
-9.4089e-08
-6.8608e-07
-2.7445e-06
-7.8888e-06
-1.8366e-05
-3.6856e-05
-6.6083e-05
-0.0001083
-0.00016476
-0.00023521
-0.00031724
-0.00040527
-0.00048931
-0.00055364
-0.00057655
-0.0005318
-0.00039284
-0.00013949
0.00023466
0.00071685
0.0012746
0.0018605
0.0024199
0.0029003
0.0032584
0.0034653
0.0035089
0.0033947
0.0031438
0.0027893
0.0023717
0.0019319
0.0015062
0.0011214
0.00079321
0.00052734
0.00032154
0.0001689
6.0569e-05
-1.2079e-05
-5.6452e-05
-7.8677e-05
-8.4085e-05
-7.7675e-05
-6.4228e-05
-4.8031e-05
-3.2456e-05
-1.9641e-05
-1.0453e-05
-4.7343e-06
-1.7173e-06
-4.4296e-07
-6.2043e-08
-1.9987e-09
4.1158e-07
2.0939e-06
5.6331e-06
1.1186e-05
1.8621e-05
2.736e-05
3.6453e-05
4.4872e-05
5.1799e-05
5.6733e-05
5.9358e-05
5.9248e-05
5.5582e-05
4.7022e-05
3.1873e-05
8.5658e-06
-2.3595e-05
-6.3555e-05
-0.00010787
-0.0001508
-0.00018537
-0.00020528
-0.00020665
-0.00018895
-0.00015469
-0.00010856
-5.616e-05
-3.1242e-06
4.557e-05
8.6004e-05
0.00011559
0.00013321
0.00013929
0.00013552
0.00012446
0.00010897
9.1655e-05
7.4555e-05
5.896e-05
4.5401e-05
3.3752e-05
2.3476e-05
1.3989e-05
4.9768e-06
-3.4483e-06
-1.081e-05
-1.6478e-05
-1.9919e-05
-2.0891e-05
-1.9549e-05
-1.6426e-05
-1.2317e-05
-8.0675e-06
-4.3811e-06
-1.7252e-06
-3.4802e-07
-3.9367e-09
-1.2312e-07
-8.9275e-07
-3.5358e-06
-1.0017e-05
-2.2916e-05
-4.5149e-05
-7.9551e-05
-0.00012832
-0.00019235
-0.00027052
-0.00035881
-0.00044913
-0.00052811
-0.00057616
-0.00056781
-0.00047422
-0.00026836
6.7706e-05
0.0005356
0.0011165
0.0017721
0.0024508
0.0030957
0.003653
0.0040781
0.0043395
0.0044211
0.004323
0.0040614
0.0036668
0.0031805
0.0026488
0.0021166
0.0016207
0.001186
0.00082486
0.00053861
0.00032131
0.00016323
5.3785e-05
-1.674e-05
-5.6748e-05
-7.3603e-05
-7.4034e-05
-6.4234e-05
-4.96e-05
-3.4343e-05
-2.1206e-05
-1.1478e-05
-5.2662e-06
-1.9258e-06
-4.9844e-07
-6.9832e-08
-2.2482e-09
9.1029e-07
4.5445e-06
1.1749e-05
2.2275e-05
3.5513e-05
5.0393e-05
6.5479e-05
7.9238e-05
9.0362e-05
9.79e-05
0.0001011
9.9003e-05
9.0085e-05
7.2104e-05
4.2441e-05
-1.0616e-06
-5.8867e-05
-0.00012844
-0.00020343
-0.00027413
-0.00032939
-0.00035965
-0.00035949
-0.00032858
-0.00027117
-0.00019441
-0.00010678
-1.6792e-05
6.7847e-05
0.00014067
0.00019687
0.00023363
0.00025048
0.00024928
0.00023373
0.00020855
0.00017851
0.00014756
0.00011846
9.2552e-05
6.9961e-05
4.9982e-05
3.1723e-05
1.4676e-05
-9.9553e-07
-1.4554e-05
-2.5028e-05
-3.1614e-05
-3.3986e-05
-3.2431e-05
-2.7804e-05
-2.1322e-05
-1.4306e-05
-7.9489e-06
-3.1865e-06
-6.4794e-07
-4.5367e-09
-1.4188e-07
-1.028e-06
-4.0615e-06
-1.1449e-05
-2.5985e-05
-5.0671e-05
-8.8212e-05
-0.0001404
-0.00020735
-0.0002866
-0.00037204
-0.0004527
-0.00051174
-0.00052601
-0.00046729
-0.00030572
-1.5873e-05
0.00041567
0.00098372
0.0016619
0.0024058
0.0031604
0.0038686
0.0044786
0.0049485
0.0052484
0.0053614
0.0052839
0.0050263
0.0046127
0.0040798
0.0034739
0.0028449
0.0022385
0.0016901
0.0012213
0.00083993
0.00054321
0.00032187
0.00016398
5.7541e-05
-8.3486e-06
-4.3341e-05
-5.6089e-05
-5.4321e-05
-4.4634e-05
-3.2175e-05
-2.0435e-05
-1.1282e-05
-5.2448e-06
-1.9329e-06
-5.0211e-07
-7.0433e-08
-2.2679e-09
1.6554e-06
8.2001e-06
2.0834e-05
3.8621e-05
6.0128e-05
8.3466e-05
0.00010645
0.00012688
0.0001428
0.00015262
0.00015489
0.00014782
0.00012888
9.471e-05
4.1737e-05
-3.2498e-05
-0.00012754
-0.00023828
-0.00035405
-0.00045977
-0.00053918
-0.00057919
-0.00057323
-0.00052205
-0.00043242
-0.00031473
-0.00018073
-4.1975e-05
9.0988e-05
0.00020899
0.00030454
0.00037231
0.00040983
0.000418
0.00040104
0.00036556
0.00031908
0.00026851
0.00021909
0.00017386
0.00013372
9.8054e-05
6.5714e-05
3.5972e-05
9.012e-06
-1.4159e-05
-3.2198e-05
-4.4008e-05
-4.9173e-05
-4.8134e-05
-4.2119e-05
-3.289e-05
-2.2423e-05
-1.2624e-05
-5.1074e-06
-1.0426e-06
-4.6994e-09
-1.4707e-07
-1.0667e-06
-4.2163e-06
-1.1873e-05
-2.6862e-05
-5.2069e-05
-8.983e-05
-0.00014121
-0.00020514
-0.00027737
-0.00034933
-0.000407
-0.00043014
-0.00039261
-0.00026432
-1.5694e-05
0.00037552
0.00091638
0.0015929
0.0023696
0.003195
0.004011
0.0047617
0.0053995
0.0058878
0.0062019
0.0063279
0.0062622
0.0060113
0.0055925
0.0050346
0.004378
0.0036714
0.0029655
0.002305
0.0017222
0.0012342
0.00084434
0.00054589
0.00032681
0.00017331
7.2054e-05
1.0965e-05
-2.0673e-05
-3.2232e-05
-3.1607e-05
-2.5003e-05
-1.6801e-05
-9.6205e-06
-4.5808e-06
-1.7144e-06
-4.4963e-07
-6.342e-08
-2.0467e-09
2.6285e-06
1.2974e-05
3.2689e-05
5.9908e-05
9.2044e-05
0.00012602
0.00015857
0.00018652
0.00020706
0.00021769
0.00021597
0.00019898
0.00016291
0.00010319
1.5485e-05
-0.00010242
-0.00024815
-0.00041251
-0.00057883
-0.00072505
-0.000829
-0.00087433
-0.0008544
-0.00077241
-0.00063895
-0.00046851
-0.00027652
-7.7594e-05
0.00011517
0.00029028
0.0004378
0.00054965
0.00062049
0.00064881
0.00063781
0.000595
0.00053065
0.00045541
0.00037828
0.00030526
0.00023904
0.00017972
0.00012617
7.7502e-05
3.3877e-05
-3.4784e-06
-3.2881e-05
-5.2948e-05
-6.3167e-05
-6.4141e-05
-5.7526e-05
-4.5744e-05
-3.1618e-05
-1.798e-05
-7.3218e-06
-1.4985e-06
-4.3899e-09
-1.3754e-07
-9.9954e-07
-3.9582e-06
-1.1156e-05
-2.521e-05
-4.8656e-05
-8.3225e-05
-0.00012899
-0.00018338
-0.00024006
-0.00028778
-0.0003094
-0.00028152
-0.00017533
4.0506e-05
0.00039448
0.00090434
0.0015687
0.0023622
0.0032385
0.0041386
0.0050022
0.005776
0.0064184
0.0069003
0.0072038
0.0073204
0.0072494
0.0069966
0.006575
0.0060059
0.0053207
0.0045612
0.0037764
0.0030161
0.0023221
0.0017224
0.0012292
0.00084123
0.00054828
0.00033596
0.00018895
9.2887e-05
3.494e-05
4.0155e-06
-9.172e-06
-1.1992e-05
-9.8508e-06
-6.2832e-06
-3.1935e-06
-1.246e-06
-3.3568e-07
-4.8135e-08
-1.5644e-09
3.7564e-06
1.851e-05
4.6453e-05
8.4639e-05
0.00012909
0.00017521
0.00021828
0.00025378
0.00027763
0.00028613
0.00027551
0.00024141
0.00017857
8.1261e-05
-5.5266e-05
-0.00023214
-0.00044368
-0.00067462
-0.0008999
-0.0010888
-0.0012128
-0.0012536
-0.0012063
-0.0010788
-0.00088701
-0.00065035
-0.00038826
-0.00011826
0.00014445
0.00038669
0.00059684
0.00076463
0.0008818
0.0009435
0.00095002
0.00090778
0.00082845
0.00072635
0.00061522
0.00050553
0.00040334
0.00031059
0.00022687
0.00015136
8.4216e-05
2.6789e-05
-1.899e-05
-5.1512e-05
-7.0197e-05
-7.582e-05
-7.0496e-05
-5.7395e-05
-4.0315e-05
-2.3176e-05
-9.5013e-06
-1.9497e-06
-3.67e-09
-1.1514e-07
-8.389e-07
-3.3305e-06
-9.4001e-06
-2.1215e-05
-4.0718e-05
-6.8807e-05
-0.00010436
-0.0001431
-0.00017645
-0.00019036
-0.00016451
-7.2294e-05
0.00011775
0.00043815
0.00091557
0.0015611
0.0023614
0.0032765
0.0042474
0.0052084
0.0060997
0.0068738
0.0074978
0.0079517
0.0082253
0.0083154
0.0082246
0.0079595
0.0075313
0.0069563
0.0062581
0.005469
0.0046313
0.003793
0.0030015
0.0022944
0.0016943
0.0012083
0.00083069
0.00054839
0.00034522
0.00020497
0.00011285
5.6057e-05
2.3853e-05
7.6357e-06
8.7167e-07
-1.0362e-06
-9.8118e-07
-4.92e-07
-1.5122e-07
-2.3322e-08
-7.8084e-10
4.9223e-06
2.4239e-05
6.0724e-05
0.00011033
0.00016759
0.00022617
0.00027951
0.00032133
0.00034582
0.00034757
0.00032111
0.00026034
0.00015845
8.6161e-06
-0.00019377
-0.00044763
-0.00074184
-0.001052
-0.0013415
-0.0015692
-0.0017014
-0.0017202
-0.0016262
-0.0014345
-0.0011678
-0.00085095
-0.00050719
-0.00015638
0.00018484
0.00050231
0.0007834
0.0010165
0.0011912
0.0012993
0.0013372
0.0013079
0.001222
0.0010959
0.00094794
0.00079434
0.00064627
0.0005093
0.00038494
0.00027311
0.00017411
8.9368e-05
2.0901e-05
-2.9598e-05
-6.157e-05
-7.5999e-05
-7.5453e-05
-6.3841e-05
-4.5951e-05
-2.6833e-05
-1.1104e-05
-2.2868e-06
-2.7033e-09
-8.4928e-08
-6.2019e-07
-2.4662e-06
-6.9556e-06
-1.5613e-05
-2.957e-05
-4.8688e-05
-7.0466e-05
-8.8789e-05
-9.2654e-05
-6.5006e-05
1.7979e-05
0.00018664
0.00047567
0.00091872
0.0015387
0.0023355
0.0032782
0.0043084
0.0053546
0.0063482
0.0072347
0.0079777
0.0085565
0.0089619
0.0091916
0.0092472
0.0091328
0.0088543
0.0084209
0.0078453
0.0071454
0.0063462
0.0054812
0.0045923
0.0037263
0.0029265
0.0022253
0.0016394
0.0011707
0.0008097
0.00054119
0.0003481
0.00021415
0.00012495
6.8364e-05
3.4555e-05
1.5817e-05
6.3802e-06
2.1821e-06
5.958e-07
1.1662e-07
1.2862e-08
3.6402e-10
5.9996e-06
2.9539e-05
7.3952e-05
0.00013418
0.00020328
0.00027307
0.00033489
0.0003802
0.00040093
0.00038941
0.00033794
0.00023831
8.1885e-05
-0.00013908
-0.00042835
-0.00078064
-0.0011757
-0.001575
-0.0019265
-0.0021786
-0.0022958
-0.0022663
-0.0021005
-0.0018234
-0.0014656
-0.0010568
-0.00062293
-0.00018482
0.00024059
0.000639
0.00099737
0.0013032
0.0015443
0.0017101
0.0017929
0.0017914
0.0017122
0.0015711
0.0013894
0.0011888
0.00098716
0.00079572
0.00061974
0.00046104
0.00032066
0.00020015
0.00010147
2.6147e-05
-2.5478e-05
-5.4686e-05
-6.4451e-05
-5.9271e-05
-4.4744e-05
-2.689e-05
-1.1313e-05
-2.3445e-06
-1.7172e-09
-5.3947e-08
-3.9341e-07
-1.5567e-06
-4.3388e-06
-9.5099e-06
-1.7225e-05
-2.6111e-05
-3.2066e-05
-2.6874e-05
3.2515e-06
7.8958e-05
0.00022849
0.00048705
0.00089316
0.0014801
0.0022617
0.0032185
0.0042951
0.0054133
0.0064935
0.0074715
0.008306
0.0089769
0.0094793
0.0098158
0.009992
0.010013
0.0098815
0.0096016
0.0091773
0.0086162
0.0079312
0.0071414
0.0062735
0.0053626
0.0044507
0.0035821
0.0027955
0.002117
0.0015574
0.0011135
0.0007734
0.00052061
0.00033822
0.00021068
0.00012466
6.9144e-05
3.5311e-05
1.6188e-05
6.4158e-06
2.0662e-06
4.8146e-07
6.2414e-08
1.9357e-09
6.8971e-06
3.3953e-05
8.4963e-05
0.00015396
0.00023259
0.00031076
0.00037746
0.0004215
0.00043193
0.00039815
0.00030953
0.00015512
-7.5943e-05
-0.00039217
-0.00079486
-0.0012704
-0.0017826
-0.0022719
-0.0026683
-0.0029139
-0.0029792
-0.0028662
-0.0026002
-0.0022179
-0.001757
-0.0012504
-0.00072431
-0.00019853
0.00031149
0.00079252
0.0012318
0.0016162
0.0019318
0.0021654
0.0023059
0.0023471
0.0022909
0.0021493
0.0019434
0.0016992
0.0014412
0.0011879
0.00095047
0.00073445
0.00054266
0.0003772
0.0002399
0.00013183
5.2754e-05
8.9393e-07
-2.7061e-05
-3.5883e-05
-3.1517e-05
-2.0484e-05
-8.9829e-06
-1.89e-06
-9.2629e-10
-2.8865e-08
-2.0621e-07
-7.8601e-07
-2.0511e-06
-3.9884e-06
-5.6578e-06
-4.2149e-06
6.4055e-06
3.7076e-05
0.0001052
0.00023624
0.00046443
0.00083096
0.0013773
0.0021306
0.0030852
0.0041916
0.0053661
0.0065157
0.0075631
0.0084594
0.0091846
0.0097396
0.010136
0.010387
0.010506
0.010497
0.010363
0.010102
0.0097119
0.0091928
0.00855
0.0077965
0.0069533
0.0060498
0.0051232
0.0042154
0.0033676
0.0026129
0.001971
0.0014467
0.0010333
0.00071718
0.00048191
0.00031155
0.00019193
0.00011113
5.9333e-05
2.8445e-05
1.1772e-05
3.946e-06
9.5169e-07
1.2664e-07
3.9783e-09
7.5921e-06
3.7359e-05
9.3366e-05
0.00016874
0.00025367
0.00033602
0.00040215
0.00043774
0.00042837
0.00035965
0.00021707
-1.4041e-05
-0.0003472
-0.00079068
-0.0013392
-0.0019624
-0.0025971
-0.0031565
-0.0035565
-0.003744
-0.003708
-0.0034725
-0.0030808
-0.0025804
-0.0020135
-0.0014127
-0.00080134
-0.00019565
0.00039228
0.00095173
0.0014712
0.0019373
0.0023344
0.0026461
0.0028571
0.0029566
0.002941
0.0028169
0.0026028
0.0023256
0.0020153
0.0016981
0.0013928
0.0011108
0.0008583
0.00063884
0.00045433
0.00030506
0.00018972
0.00010566
4.9254e-05
1.5941e-05
2.3704e-07
-3.9624e-06
-2.6383e-06
-6.2225e-07
-4.4346e-10
-1.321e-08
-8.4022e-08
-2.5308e-07
-3.6297e-07
3.722e-07
4.1128e-06
1.5509e-05
4.3213e-05
0.00010175
0.0002136
0.00041089
0.00073538
0.0012339
0.0019453
0.0028787
0.0039943
0.0052053
0.0064048
0.0074992
0.0084288
0.0091717
0.0097348
0.01014
0.010413
0.010574
0.010639
0.010611
0.010491
0.01027
0.0099413
0.0094955
0.0089293
0.0082468
0.007462
0.0065991
0.005691
0.0047767
0.0038976
0.0030909
0.0023836
0.0017888
0.0013067
0.00092805
0.00063878
0.00042348
0.00026776
0.00015919
8.7244e-05
4.2884e-05
1.816e-05
6.2104e-06
1.5226e-06
2.0504e-07
6.4776e-09
8.129e-06
3.9954e-05
9.9537e-05
0.00017888
0.0002664
0.00034753
0.00040555
0.00042243
0.00037941
0.00025728
3.6363e-05
-0.0003027
-0.00077569
-0.0013867
-0.0021144
-0.0028966
-0.003632
-0.0042077
-0.0045407
-0.0046017
-0.0044114
-0.0040207
-0.0034897
-0.0028722
-0.0022094
-0.0015292
-0.00084879
-0.00017876
0.00047355
0.001101
0.0016944
0.0022409
0.0027236
0.0031227
0.003418
0.0035925
0.0036365
0.0035507
0.0033486
0.0030557
0.0027047
0.0023288
0.0019549
0.0016022
0.001282
0.0010009
0.00076139
0.00056279
0.00040208
0.00027517
0.00017801
0.00010685
5.7873e-05
2.6861e-05
9.4276e-06
1.8081e-06
-2.2105e-10
-5.5078e-09
-1.636e-08
8.2917e-08
8.4228e-07
3.8537e-06
1.2714e-05
3.4397e-05
8.1085e-05
0.00017243
0.00033788
0.00061804
0.0010623
0.0017182
0.0026096
0.0037097
0.0049329
0.0061602
0.0072797
0.008218
0.0089488
0.0094839
0.0098562
0.010103
0.010257
0.010341
0.010365
0.010333
0.010239
0.010074
0.0098234
0.009474
0.0090133
0.0084355
0.007745
0.0069587
0.0061043
0.0052181
0.0043406
0.0035111
0.0027619
0.0021137
0.0015738
0.0011391
0.00079888
0.0005397
0.00034778
0.00021068
0.00011757
5.8777e-05
2.5271e-05
8.7544e-06
2.1684e-06
2.9416e-07
9.325e-09
8.5713e-06
4.2029e-05
0.00010406
0.00018502
0.00027093
0.00034402
0.00038366
0.00036717
0.00027034
6.7709e-05
-0.00026679
-0.00075722
-0.0014181
-0.0022393
-0.003165
-0.0040834
-0.0048519
-0.0053507
-0.0055251
-0.0053898
-0.0050049
-0.0044464
-0.0037833
-0.0030675
-0.0023322
-0.0015964
-0.00086917
-0.00015465
0.00054469
0.0012255
0.0018814
0.0025013
0.0030684
0.0035603
0.0039517
0.0042184
0.0043427
0.0043181
0.0041518
0.0038655
0.0034925
0.0030704
0.0026343
0.0022116
0.0018211
0.0014735
0.0011732
0.00091845
0.00070394
0.00052326
0.00037169
0.00024697
0.00014854
7.6119e-05
2.8914e-05
5.7502e-06
-5.6001e-11
5.7175e-10
4.2397e-08
4.0136e-07
2.0699e-06
7.6127e-06
2.2454e-05
5.6643e-05
0.00012713
0.00026038
0.00049457
0.00087912
0.0014671
0.0022952
0.0033523
0.0045601
0.0057909
0.0069148
0.0078426
0.0085415
0.0090271
0.0093425
0.0095369
0.0096524
0.0097178
0.0097492
0.0097524
0.009726
0.0096634
0.009554
0.0093834
0.0091347
0.0087905
0.0083367
0.0077676
0.0070895
0.0063227
0.0054988
0.0046564
0.0038355
0.0030721
0.0023928
0.0018121
0.0013328
0.00094939
0.00065111
0.00042577
0.00026161
0.00014797
7.4887e-05
3.2547e-05
1.1378e-05
2.8382e-06
3.8694e-07
1.2295e-08
8.9239e-06
4.3584e-05
0.00010678
0.0001865
0.00026529
0.00032106
0.00032799
0.00025732
7.7786e-05
-0.00024368
-0.00073984
-0.0014363
-0.0023363
-0.0033949
-0.004497
-0.0054712
-0.0061545
-0.0064578
-0.0063853
-0.0060075
-0.0054203
-0.004712
-0.0039478
-0.0031671
-0.0023901
-0.0016246
-0.0008719
-0.00013113
0.00059885
0.0013177
0.002022
0.0027033
0.0033468
0.0039296
0.0044228
0.0047951
0.0050195
0.0050797
0.004975
0.0047213
0.0043499
0.0039009
0.003416
0.0029309
0.0024726
0.002058
0.0016942
0.0013788
0.0011036
0.00085896
0.00063898
0.00044367
0.00027759
0.00014696
5.713e-05
1.1474e-05
3.278e-10
1.367e-08
1.5498e-07
9.5096e-07
4.0252e-06
1.3265e-05
3.6525e-05
8.7892e-05
0.00019042
0.00037882
0.00070045
0.0012106
0.0019559
0.0029423
0.0041048
0.0053136
0.0064235
0.007328
0.0079862
0.0084161
0.0086698
0.0088072
0.0088779
0.0089146
0.0089345
0.0089436
0.0089414
0.0089242
0.0088858
0.0088179
0.008709
0.008544
0.0083046
0.007972
0.0075318
0.0069795
0.006325
0.0055922
0.0048153
0.0040335
0.0032846
0.0025995
0.0019986
0.001491
0.0010762
0.00074722
0.0004943
0.00030701
0.00017538
8.9548e-05
3.9216e-05
1.3794e-05
3.4576e-06
4.7295e-07
1.505e-08
9.0671e-06
4.4008e-05
0.00010605
0.00017984
0.00024323
0.00026826
0.00022218
6.8262e-05
-0.00023344
-0.00072426
-0.001441
-0.0024014
-0.0035758
-0.0048542
-0.0060426
-0.0069295
-0.0073803
-0.0073809
-0.0070118
-0.0063933
-0.0056382
-0.0048276
-0.004008
-0.0031997
-0.002408
-0.0016318
-0.00086749
-0.00011194
0.0006374
0.0013818
0.0021204
0.0028482
0.0035539
0.0042173
0.0048086
0.0052915
0.0056296
0.0057953
0.0057772
0.0055833
0.0052402
0.0047883
0.0042737
0.0037399
0.0032224
0.002745
0.0023188
0.0019414
0.0016009
0.0012835
0.00098189
0.00069904
0.00044671
0.00024044
9.4531e-05
1.9075e-05
1.164e-09
4.1149e-08
3.7551e-07
1.9496e-06
7.3351e-06
2.2261e-05
5.7789e-05
0.00013309
0.00027844
0.00053726
0.00096392
0.0016113
0.0025019
0.0035897
0.0047513
0.005831
0.0067056
0.007324
0.0077044
0.0079064
0.0079987
0.0080364
0.0080535
0.0080655
0.0080758
0.0080823
0.0080808
0.0080674
0.0080383
0.0079894
0.007914
0.007802
0.0076382
0.0074035
0.0070786
0.0066502
0.0061169
0.0054925
0.0048041
0.0040871
0.0033791
0.0027134
0.0021146
0.0015973
0.001166
0.00081777
0.00054585
0.0003417
0.00019652
0.00010091
4.4396e-05
1.5674e-05
3.9394e-06
5.3985e-07
1.7194e-08
8.7414e-06
4.2e-05
9.8434e-05
0.00015838
0.00019355
0.00016834
4.1043e-05
-0.00023492
-0.00070925
-0.0014296
-0.0024285
-0.0036949
-0.005133
-0.0065373
-0.0076475
-0.008271
-0.0083628
-0.0080098
-0.0073602
-0.0065568
-0.0057009
-0.0048466
-0.004014
-0.0032044
-0.0024125
-0.0016328
-0.00086096
-9.4287e-05
0.00066927
0.0014314
0.0021928
0.0029522
0.0037029
0.0044298
0.0051059
0.0056933
0.0061485
0.0064326
0.0065212
0.0064116
0.0061233
0.0056943
0.0051729
0.0046088
0.0040453
0.0035142
0.0030308
0.002593
0.002185
0.0017881
0.0013934
0.0010078
0.00065236
0.00035457
0.00014031
2.8388e-05
2.5867e-09
8.7276e-08
7.3604e-07
3.5295e-06
1.2388e-05
3.5505e-05
8.7995e-05
0.00019503
0.00039458
0.0007373
0.0012784
0.0020537
0.00304
0.0041303
0.0051658
0.0060088
0.0065951
0.0069398
0.0071068
0.0071715
0.0071928
0.0072048
0.0072201
0.0072387
0.0072554
0.0072643
0.0072611
0.0072431
0.0072094
0.0071594
0.0070918
0.0070018
0.0068797
0.0067099
0.0064726
0.0061495
0.0057298
0.0052169
0.0046285
0.003994
0.0033478
0.0027234
0.0021482
0.0016403
0.0012087
0.00085449
0.00057404
0.00036113
0.00020843
0.00010729
4.7272e-05
1.6704e-05
4.2011e-06
5.7595e-07
1.8347e-08
7.5765e-06
3.571e-05
7.9132e-05
0.00011284
0.00010094
-1.6422e-06
-0.00024745
-0.00069421
-0.0014002
-0.0024123
-0.00374
-0.00531
-0.0069214
-0.0082733
-0.0091033
-0.0093175
-0.0089988
-0.0083244
-0.0074729
-0.0065714
-0.0056848
-0.0048324
-0.0040104
-0.0032084
-0.0024176
-0.0016325
-0.00085087
-7.1852e-05
0.00070516
0.0014813
0.0022582
0.0030372
0.0038166
0.0045873
0.0053285
0.0060049
0.0065694
0.0069735
0.0071799
0.0071728
0.0069619
0.0065799
0.006075
0.0055011
0.0049085
0.004336
0.003804
0.0033101
0.0028345
0.0023534
0.0018567
0.0013565
0.00088503
0.00048385
0.00019221
3.8948e-05
4.6667e-09
1.543e-07
1.2532e-06
5.7576e-06
1.9371e-05
5.3387e-05
0.00012772
0.000274
0.00053703
0.00097037
0.0016188
0.0024821
0.0034783
0.0044567
0.0052685
0.005834
0.0061593
0.0063083
0.0063601
0.006377
0.0063931
0.0064189
0.0064512
0.006482
0.0065039
0.0065114
0.0065016
0.0064736
0.0064281
0.0063669
0.0062919
0.0062029
0.0060958
0.0059603
0.0057798
0.0055351
0.0052102
0.0047993
0.004311
0.0037667
0.0031958
0.0026296
0.0020958
0.0016149
0.0011989
0.00085244
0.00057479
0.00036224
0.00020907
0.00010747
4.7262e-05
1.6666e-05
4.1842e-06
5.7293e-07
1.8241e-08
5.1237e-06
2.2898e-05
4.2342e-05
3.2142e-05
-5.2554e-05
-0.00026788
-0.00067835
-0.0013521
-0.0023502
-0.0037032
-0.0053661
-0.0071606
-0.0087648
-0.0098423
-0.010226
-0.0099765
-0.0092933
-0.0083965
-0.007447
-0.0065262
-0.0056552
-0.0048244
-0.0040168
-0.0032189
-0.0024235
-0.0016282
-0.00083319
-3.9626e-05
0.00075163
0.0015408
0.0023295
0.0031206
0.0039162
0.0047136
0.0054992
0.0062436
0.0069008
0.0074162
0.0077407
0.0078448
0.0077264
0.0074106
0.0069428
0.006379
0.0057748
0.0051753
0.0046048
0.0040608
0.0035188
0.0029507
0.0023461
0.0017242
0.0011298
0.00061962
0.00024664
5.002e-05
7.4598e-09
2.4388e-07
1.9377e-06
8.6668e-06
2.8334e-05
7.5867e-05
0.00017636
0.00036748
0.00069797
0.0012163
0.0019419
0.0028237
0.0037312
0.0045114
0.0050671
0.0053889
0.005534
0.0055821
0.005599
0.0056207
0.0056569
0.0057024
0.0057471
0.005782
0.0058012
0.0058015
0.0057817
0.0057423
0.0056847
0.0056112
0.005525
0.0054285
0.0053218
0.0051999
0.0050513
0.0048591
0.0046059
0.0042806
0.0038838
0.0034289
0.002939
0.0024415
0.0019626
0.001523
0.0011367
0.00081064
0.00054689
0.00034393
0.00019765
0.00010102
4.415e-05
1.548e-05
3.8685e-06
5.2802e-07
1.6787e-08
8.7312e-07
1.0347e-06
-1.8391e-05
-9.577e-05
-0.00028589
-0.00065668
-0.001284
-0.0022419
-0.0035814
-0.0052895
-0.0072255
-0.0090761
-0.010442
-0.01106
-0.010935
-0.010273
-0.0093381
-0.0083356
-0.0073737
-0.0064804
-0.0056414
-0.0048315
-0.004031
-0.0032296
-0.002424
-0.0016149
-0.00080475
4.1078e-06
0.0008098
0.0016117
0.0024109
0.0032106
0.0040151
0.0048267
0.0056392
0.0064308
0.0071599
0.0077701
0.0082034
0.0084177
0.0083981
0.0081601
0.0077445
0.0072073
0.0066074
0.0059947
0.0053962
0.0048081
0.0042014
0.0035446
0.0028298
0.0020849
0.0013683
0.00075117
0.0002992
6.0696e-05
1.0985e-08
3.5638e-07
2.7887e-06
1.2232e-05
3.9117e-05
0.00010228
0.00023175
0.0004694
0.00086269
0.0014443
0.002195
0.0030153
0.0037594
0.0043133
0.0046451
0.0047976
0.0048473
0.0048635
0.0048867
0.0049283
0.004982
0.005036
0.0050801
0.0051078
0.0051163
0.0051049
0.005074
0.0050244
0.0049576
0.0048756
0.0047813
0.0046781
0.004568
0.0044502
0.0043179
0.0041587
0.0039568
0.003699
0.0033807
0.0030086
0.0025994
0.0021754
0.0017597
0.001372
0.0010265
0.00073187
0.00049193
0.00030717
0.00017477
8.8282e-05
3.8123e-05
1.3224e-05
3.2762e-06
4.4452e-07
1.4094e-08
-5.7083e-06
-3.25e-05
-0.00010959
-0.00028261
-0.00061634
-0.0011896
-0.0020861
-0.0033754
-0.0050767
-0.007097
-0.0091633
-0.010846
-0.011773
-0.011851
-0.011262
-0.010307
-0.0092465
-0.0082306
-0.0073052
-0.0064544
-0.0056435
-0.0048442
-0.0040415
-0.0032303
-0.0024117
-0.0015885
-0.00076415
5.8535e-05
0.00087733
0.001691
0.0025
0.003307
0.0041171
0.0049358
0.0057629
0.0065844
0.0073652
0.0080503
0.0085766
0.0088915
0.0089678
0.0088112
0.0084561
0.0079566
0.0073734
0.006759
0.0061413
0.0055138
0.0048434
0.0040977
0.0032739
0.0024111
0.0015812
0.00086739
0.00034533
7.0042e-05
1.5153e-08
4.8875e-07
3.7789e-06
1.6315e-05
5.1202e-05
0.00013103
0.00028968
0.00056996
0.001011
0.0016197
0.0023351
0.0030318
0.0035853
0.0039371
0.0041073
0.0041632
0.0041766
0.0041948
0.0042339
0.0042884
0.004345
0.0043922
0.0044229
0.0044346
0.0044272
0.0044019
0.0043599
0.0043022
0.0042299
0.0041443
0.0040475
0.0039423
0.0038315
0.0037163
0.0035939
0.0034561
0.0032905
0.0030847
0.0028316
0.0025332
0.0022004
0.0018503
0.0015021
0.001173
0.00087655
0.00062172
0.00041379
0.00025459
0.00014214
7.0288e-05
2.971e-05
1.0108e-05
2.4656e-06
3.309e-07
1.0439e-08
-1.509e-05
-7.9973e-05
-0.00023667
-0.00053736
-0.0010554
-0.0018773
-0.0030863
-0.004731
-0.0067695
-0.0089928
-0.010991
-0.012298
-0.012682
-0.012248
-0.01131
-0.010191
-0.0091037
-0.0081288
-0.0072562
-0.0064422
-0.0056468
-0.0048472
-0.0040356
-0.0032125
-0.0023816
-0.0015469
-0.00071158
0.00012163
0.00095067
0.0017741
0.0025916
0.0034051
0.0042196
0.005042
0.0058765
0.0067155
0.0075309
0.0082715
0.0088719
0.0092719
0.0094343
0.0093548
0.0090613
0.0086047
0.0080457
0.0074373
0.0068062
0.0061417
0.0054076
0.0045737
0.0036465
0.0026778
0.0017511
0.0009585
0.00038107
7.7247e-05
1.973e-08
6.3328e-07
4.8469e-06
2.0639e-05
6.3674e-05
0.00015964
0.00034435
0.00065728
0.0011226
0.0017164
0.0023475
0.0028934
0.00327
0.0034676
0.0035361
0.0035463
0.0035531
0.0035807
0.0036271
0.0036788
0.0037226
0.0037503
0.0037593
0.00375
0.0037244
0.0036846
0.0036322
0.0035683
0.0034934
0.0034082
0.0033139
0.0032122
0.0031056
0.002996
0.0028828
0.0027614
0.0026233
0.0024584
0.0022594
0.0020255
0.0017633
0.001485
0.0012054
0.00093856
0.00069632
0.00048741
0.00031776
0.00018996
0.00010229
4.8551e-05
1.967e-05
6.4317e-06
1.5174e-06
1.9877e-07
6.2002e-09
-2.7555e-05
-0.0001427
-0.00040241
-0.00086349
-0.0016045
-0.0027131
-0.0042599
-0.0062504
-0.0085508
-0.010818
-0.012549
-0.013351
-0.013189
-0.01234
-0.011181
-0.010006
-0.0089554
-0.0080422
-0.0072172
-0.0064259
-0.0056336
-0.0048267
-0.0040045
-0.0031712
-0.0023317
-0.0014898
-0.00064816
0.00019117
0.0010265
0.0018564
0.0026802
0.003499
0.004317
0.0051418
0.0059799
0.0068286
0.0076658
0.0084445
0.0090999
0.0095669
0.0098003
0.0097877
0.0095504
0.0091361
0.0086039
0.0080051
0.0073624
0.0066602
0.0058613
0.004942
0.0039216
0.0028651
0.0018651
0.0010174
0.00040359
8.1741e-05
2.4352e-08
7.7831e-07
5.9037e-06
2.4826e-05
7.5372e-05
0.00018523
0.0003897
0.00072087
0.0011836
0.0017271
0.0022482
0.0026466
0.0028793
0.0029699
0.0029804
0.0029721
0.0029797
0.0030087
0.0030473
0.0030811
0.0031001
0.0031007
0.0030836
0.0030513
0.0030069
0.0029529
0.002891
0.002822
0.0027465
0.0026644
0.0025761
0.0024824
0.0023849
0.0022851
0.0021835
0.0020779
0.0019632
0.0018325
0.0016797
0.001503
0.0013057
0.0010959
0.00088407
0.00068083
0.00049572
0.00033669
0.00020975
0.00011759
5.8144e-05
2.4794e-05
8.8537e-06
2.5215e-06
5.1891e-07
6.0569e-08
1.7795e-09
-4.3092e-05
-0.00022052
-0.00060569
-0.0012568
-0.0022522
-0.0036714
-0.0055564
-0.0078465
-0.010294
-0.012434
-0.013752
-0.01401
-0.013369
-0.012223
-0.010956
-0.0097986
-0.0088138
-0.0079604
-0.0071688
-0.0063869
-0.0055903
-0.0047746
-0.0039441
-0.0031049
-0.0022618
-0.0014181
-0.0005753
0.00026522
0.0011023
0.0019347
0.0027615
0.0035832
0.0044036
0.0052299
0.0060696
0.0069232
0.0077729
0.0085758
0.0092683
0.0097831
0.01007
0.01011
0.0099189
0.0095415
0.009034
0.0084439
0.0077874
0.0070442
0.0061792
0.0051799
0.0040814
0.002961
0.001916
0.0010404
0.00041153
8.3254e-05
2.8606e-08
9.1086e-07
6.8536e-06
2.8489e-05
8.5189e-05
0.00020531
0.00042131
0.00075503
0.0011921
0.0016634
0.0020702
0.0023403
0.0024639
0.0024839
0.0024619
0.0024439
0.0024465
0.0024634
0.0024801
0.0024846
0.0024717
0.0024414
0.0023965
0.0023407
0.0022776
0.0022098
0.0021389
0.0020657
0.0019906
0.0019133
0.0018335
0.0017511
0.0016665
0.0015806
0.0014938
0.0014056
0.0013135
0.0012138
0.0011025
0.00097781
0.00084094
0.00069639
0.00055062
0.00041076
0.00028397
0.00017709
9.5705e-05
4.19e-05
1.2639e-05
7.3422e-07
-1.9102e-06
-1.311e-06
-4.4827e-07
-7.2241e-08
-2.4539e-09
-6.1344e-05
-0.00031155
-0.00084104
-0.0017051
-0.0029749
-0.0047105
-0.0069087
-0.0094232
-0.011888
-0.013757
-0.014585
-0.014325
-0.013304
-0.011974
-0.010683
-0.0095839
-0.0086701
-0.0078643
-0.0070922
-0.0063115
-0.005509
-0.0046871
-0.0038532
-0.0030138
-0.002173
-0.0013329
-0.00049441
0.00034214
0.001176
0.0020063
0.0028321
0.0036537
0.0044744
0.0053008
0.0061409
0.0069963
0.0078518
0.0086673
0.0093811
0.0099252
0.010246
0.010322
0.010165
0.0098161
0.0093277
0.0087412
0.0080653
0.0072759
0.0063444
0.0052744
0.0041178
0.0029616
0.0019025
0.0010275
0.00040502
8.1826e-05
3.2145e-08
1.0201e-06
7.6203e-06
3.1342e-05
9.2384e-05
0.00021851
0.00043763
0.00076031
0.0011559
0.0015471
0.0018478
0.0020129
0.0020562
0.002029
0.0019851
0.0019547
0.0019413
0.0019331
0.0019169
0.0018852
0.0018366
0.0017736
0.0017003
0.001621
0.0015393
0.0014579
0.0013784
0.0013017
0.0012279
0.0011566
0.0010869
0.0010181
0.00094935
0.00088048
0.00081168
0.00074324
0.00067495
0.00060575
0.000534
0.00045838
0.00037883
0.00029683
0.00021517
0.00013769
6.9272e-05
1.5564e-05
-1.8766e-05
-3.2941e-05
-3.1458e-05
-2.2068e-05
-1.1896e-05
-4.8017e-06
-1.3168e-06
-1.9036e-07
-6.2028e-09
-8.1648e-05
-0.00041245
-0.0010995
-0.0021903
-0.0037409
-0.0057806
-0.0082467
-0.010896
-0.013255
-0.014753
-0.015075
-0.014361
-0.013062
-0.011641
-0.010382
-0.0093572
-0.0085067
-0.0077351
-0.0069735
-0.0061917
-0.005386
-0.0045634
-0.0037323
-0.002899
-0.0020665
-0.0012358
-0.00040695
0.00042036
0.0012459
0.0020692
0.0028895
0.0037072
0.0045254
0.0053502
0.0061892
0.0070439
0.0078998
0.0087183
0.0094392
0.0099951
0.010332
0.010427
0.01029
0.0099585
0.0094809
0.0088899
0.0081863
0.0073452
0.0063498
0.0052231
0.004033
0.0028715
0.0018294
0.00098193
0.00038551
7.776e-05
3.4776e-08
1.1004e-06
8.1671e-06
3.3269e-05
9.6775e-05
0.00022489
0.0004401
0.00074225
0.0010886
0.0014009
0.0016086
0.0016897
0.0016731
0.0016109
0.0015459
0.0014952
0.0014541
0.0014102
0.001354
0.0012818
0.0011953
0.0010987
0.00099664
0.00089372
0.00079353
0.00069875
0.00061112
0.00053148
0.00045991
0.00039574
0.0003377
0.00028414
0.00023332
0.00018401
0.00013593
8.9927e-05
4.7533e-05
1.0092e-05
-2.1989e-05
-4.9339e-05
-7.315e-05
-9.4538e-05
-0.00011394
-0.00013045
-0.00014112
-0.00014154
-0.00012846
-0.00010311
-7.1709e-05
-4.2302e-05
-2.0524e-05
-7.7498e-06
-2.0374e-06
-2.8716e-07
-9.258e-09
-0.00010316
-0.00051898
-0.00137
-0.0026913
-0.0045163
-0.0068337
-0.0095104
-0.012204
-0.014357
-0.015429
-0.015265
-0.014178
-0.012695
-0.01125
-0.010053
-0.0091045
-0.0083061
-0.0075587
-0.0068043
-0.006024
-0.0052208
-0.0044042
-0.0035829
-0.0027621
-0.0019439
-0.0011283
-0.00031451
0.00049821
0.0013102
0.0021214
0.0029316
0.0037413
0.0045537
0.0053747
0.0062106
0.007062
0.0079132
0.0087259
0.0094409
0.0099927
0.010329
0.010426
0.010295
0.0099702
0.0094932
0.0088875
0.0081467
0.0072503
0.006198
0.0050337
0.003838
0.0027021
0.0017057
0.0009093
0.00035542
7.1564e-05
3.6504e-08
1.1522e-06
8.5035e-06
3.4345e-05
9.8724e-05
0.00022574
0.0004323
0.00070877
0.0010041
0.0012431
0.0013713
0.0013848
0.001321
0.0012279
0.0011374
0.0010568
0.00097796
0.00089066
0.00078934
0.00067402
0.0005483
0.00041726
0.00028606
0.00015927
4.0574e-05
-6.7274e-05
-0.00016249
-0.0002442
-0.00031248
-0.00036825
-0.00041332
-0.00045013
-0.00048135
-0.00050912
-0.00053407
-0.00055484
-0.00056843
-0.00057151
-0.00056209
-0.0005404
-0.00050878
-0.00047075
-0.00042956
-0.00038664
-0.00034059
-0.00028833
-0.00022861
-0.00016522
-0.00010609
-5.8956e-05
-2.7381e-05
-1.0022e-05
-2.5794e-06
-3.5873e-07
-1.1499e-08
-0.00012501
-0.00062684
-0.0016419
-0.0031884
-0.0052712
-0.0078305
-0.010657
-0.013312
-0.015184
-0.015808
-0.015203
-0.013825
-0.012233
-0.010812
-0.0096903
-0.0088106
-0.0080543
-0.0073262
-0.0065805
-0.0058075
-0.0050142
-0.0042112
-0.0034067
-0.0026049
-0.0018069
-0.001012
-0.00021892
0.00057383
0.0013671
0.0021611
0.0029564
0.0037541
0.0045574
0.0053717
0.0062021
0.0070466
0.0078877
0.0086859
0.0093831
0.0099162
0.010236
0.010322
0.010184
0.0098544
0.009367
0.0087354
0.0079492
0.0069978
0.0059016
0.0047238
0.0035519
0.0024702
0.0015439
0.00081697
0.00031778
6.3861e-05
3.751e-08
1.1815e-06
8.6784e-06
3.4798e-05
9.8988e-05
0.00022307
0.00041865
0.00066783
0.00091383
0.0010866
0.0011468
0.0011042
0.0009997
0.00087516
0.00075248
0.00063287
0.00050823
0.00037175
0.00022182
6.1209e-05
-0.00010505
-0.00027131
-0.0004322
-0.00058309
-0.00072018
-0.00084065
-0.00094265
-0.0010254
-0.0010891
-0.0011351
-0.0011658
-0.0011845
-0.0011946
-0.001199
-0.0011983
-0.0011907
-0.0011717
-0.0011366
-0.0010825
-0.0010097
-0.00092207
-0.00082529
-0.00072498
-0.00062424
-0.00052282
-0.00041921
-0.00031487
-0.00021643
-0.00013305
-7.1353e-05
-3.2229e-05
-1.1555e-05
-2.9305e-06
-4.0372e-07
-1.2887e-08
-0.00014643
-0.00073232
-0.0019058
-0.0036655
-0.0059829
-0.0087444
-0.011661
-0.014206
-0.015745
-0.015921
-0.01493
-0.013336
-0.011696
-0.010327
-0.0092821
-0.0084629
-0.0077419
-0.0070332
-0.0063014
-0.0055434
-0.0047683
-0.0039867
-0.003206
-0.0024295
-0.0016577
-0.00088931
-0.00012228
0.00064518
0.0014145
0.0021865
0.0029624
0.003744
0.0045347
0.0053392
0.0061607
0.0069941
0.0078187
0.0085936
0.0092616
0.0097633
0.010054
0.010116
0.0099607
0.0096164
0.0091077
0.0084396
0.0076032
0.0066032
0.0054823
0.0043184
0.0031988
0.0021959
0.001358
0.0007129
0.00027585
5.5316e-05
3.8104e-08
1.1982e-06
8.7676e-06
3.4945e-05
9.8528e-05
0.00021916
0.00040345
0.00062598
0.00082568
0.00093893
0.00094009
0.00084877
0.00070624
0.00054694
0.00038498
0.00021858
4.1674e-05
-0.0001485
-0.00035002
-0.00055794
-0.00076616
-0.00096859
-0.0011597
-0.0013348
-0.00149
-0.0016224
-0.0017302
-0.0018127
-0.0018704
-0.0019051
-0.0019201
-0.0019192
-0.0019066
-0.0018855
-0.0018562
-0.001816
-0.0017595
-0.0016813
-0.0015781
-0.0014514
-0.0013065
-0.0011514
-0.00099342
-0.00083655
-0.00068151
-0.00052891
-0.00038349
-0.00025457
-0.00015164
-7.9171e-05
-3.5003e-05
-1.2346e-05
-3.0947e-06
-4.2307e-07
-1.3459e-08
-0.00016687
-0.00083274
-0.0021556
-0.0041122
-0.0066377
-0.0095613
-0.012513
-0.014887
-0.016054
-0.015798
-0.014481
-0.012737
-0.011094
-0.0097905
-0.0088193
-0.008053
-0.0073646
-0.0066787
-0.0059683
-0.005234
-0.0044857
-0.0037333
-0.0029834
-0.0022387
-0.001499
-0.00076253
-2.6915e-05
0.00071014
0.0014506
0.0021961
0.0029484
0.0037101
0.0044845
0.0052756
0.0060836
0.0069001
0.0077009
0.0084433
0.0090719
0.0095314
0.0097825
0.009812
0.0096312
0.0092631
0.008723
0.0080108
0.0071252
0.0060905
0.0049696
0.0038479
0.0028058
0.0019
0.001162
0.00060483
0.00023271
4.6558e-05
3.867e-08
1.2144e-06
8.8604e-06
3.5146e-05
9.8353e-05
0.00021616
0.00039031
0.00058788
0.00074442
0.00080358
0.00075208
0.00061656
0.00043612
0.0002378
2.9955e-05
-0.00018976
-0.00042415
-0.00067186
-0.00092782
-0.0011852
-0.001437
-0.0016766
-0.0018985
-0.0020978
-0.0022706
-0.002414
-0.0025264
-0.0026072
-0.0026575
-0.0026795
-0.0026772
-0.002655
-0.0026176
-0.0025678
-0.0025055
-0.0024273
-0.0023272
-0.0021995
-0.0020421
-0.001858
-0.0016547
-0.0014418
-0.0012276
-0.0010165
-0.00081045
-0.0006127
-0.00043159
-0.00027837
-0.00016151
-8.2457e-05
-3.5802e-05
-1.2453e-05
-3.09e-06
-4.1958e-07
-1.3308e-08
-0.00018602
-0.00092665
-0.0023879
-0.0045235
-0.0072306
-0.010278
-0.013212
-0.015361
-0.01613
-0.015467
-0.013883
-0.012047
-0.010431
-0.0092004
-0.0082965
-0.0075773
-0.0069219
-0.0062645
-0.0055842
-0.0048827
-0.0041698
-0.0034544
-0.0027423
-0.0020356
-0.0013336
-0.0006344
6.4788e-05
0.00076669
0.0014738
0.0021886
0.0029135
0.0036514
0.0044057
0.0051786
0.0059676
0.0067602
0.0075288
0.0082297
0.0088097
0.0092189
0.0094239
0.0094151
0.009203
0.0088036
0.0082246
0.0074659
0.0065397
0.0054914
0.0043981
0.003345
0.0023997
0.0016022
0.00096844
0.00049955
0.00019103
3.8122e-05
3.9633e-08
1.2435e-06
9.0524e-06
3.577e-05
9.9437e-05
0.00021597
0.00038192
0.00055629
0.000672
0.00068093
0.00058113
0.0004039
0.00018445
-5.7192e-05
-0.00031656
-0.0005949
-0.00089113
-0.0011999
-0.0015131
-0.0018223
-0.0021194
-0.0023974
-0.0026506
-0.002874
-0.0030639
-0.0032174
-0.0033331
-0.0034109
-0.0034522
-0.0034599
-0.0034383
-0.0033925
-0.0033268
-0.0032437
-0.0031425
-0.003019
-0.0028673
-0.002683
-0.0024657
-0.0022208
-0.001958
-0.0016882
-0.0014197
-0.0011571
-0.00090391
-0.00066692
-0.00045756
-0.00028759
-0.00016301
-8.1597e-05
-3.4867e-05
-1.1979e-05
-2.9451e-06
-3.9745e-07
-1.257e-08
-0.00020383
-0.0010138
-0.0026024
-0.0048998
-0.007763
-0.010898
-0.013765
-0.015636
-0.01599
-0.014954
-0.01316
-0.01128
-0.0097134
-0.008556
-0.0077125
-0.0070367
-0.0064168
-0.005795
-0.0051534
-0.0044939
-0.0038248
-0.003154
-0.0024863
-0.0018235
-0.0011647
-0.00050763
0.00015057
0.00081307
0.0014829
0.0021631
0.0028568
0.0035671
0.0042966
0.0050458
0.0058087
0.0065691
0.0072966
0.0079476
0.0084722
0.0088261
0.0089818
0.0089323
0.0086852
0.0082495
0.0076285
0.0068284
0.0058785
0.0048427
0.0038044
0.002841
0.0020046
0.0013191
0.00078754
0.00040232
0.00015283
3.0415e-05
4.1443e-08
1.2993e-06
9.4414e-06
3.718e-05
0.00010268
0.00022013
0.00037996
0.00053211
0.00060799
0.000569
0.00042378
0.00020617
-5.3794e-05
-0.0003425
-0.00065782
-0.0009989
-0.0013605
-0.0017335
-0.0021068
-0.0024702
-0.0028145
-0.0031323
-0.0034174
-0.003665
-0.0038714
-0.0040342
-0.0041521
-0.0042255
-0.0042561
-0.0042474
-0.004204
-0.0041308
-0.0040318
-0.0039088
-0.0037603
-0.0035823
-0.00337
-0.0031212
-0.0028385
-0.0025299
-0.0022073
-0.0018818
-0.0015616
-0.0012515
-0.00095737
-0.00068953
-0.00046132
-0.00028309
-0.0001571
-7.7246e-05
-3.2534e-05
-1.1052e-05
-2.6943e-06
-3.6153e-07
-1.1405e-08
-0.00022045
-0.001095
-0.0028012
-0.005245
-0.0082416
-0.011428
-0.014176
-0.015718
-0.015648
-0.014279
-0.012335
-0.010451
-0.0089481
-0.0078606
-0.007071
-0.0064366
-0.0058556
-0.0052764
-0.0046819
-0.0040728
-0.0034554
-0.0028363
-0.0022194
-0.0016059
-0.00099518
-0.00038473
0.00022848
0.00084785
0.0014769
0.002119
0.0027776
0.0034558
0.0041551
0.0048735
0.0056021
0.0063215
0.0069995
0.0075937
0.0080585
0.0083556
0.0084623
0.0083725
0.0080893
0.0076163
0.0069569
0.0061285
0.0051786
0.0041828
0.0032229
0.0023632
0.0016398
0.0010629
0.00062645
0.00031671
0.00011944
2.3697e-05
4.4573e-08
1.3963e-06
1.0127e-05
3.973e-05
0.00010887
0.00022975
0.00038497
0.00051441
0.00054983
0.00046392
0.00027513
1.7857e-05
-0.00028398
-0.00062249
-0.00099676
-0.0014033
-0.0018329
-0.0022725
-0.0027084
-0.0031282
-0.0035217
-0.0038806
-0.0041985
-0.0044706
-0.0046935
-0.0048648
-0.0049839
-0.0050512
-0.0050692
-0.0050413
-0.0049721
-0.0048661
-0.0047265
-0.0045546
-0.0043487
-0.0041057
-0.0038232
-0.0035022
-0.003149
-0.0027749
-0.0023927
-0.0020138
-0.0016456
-0.0012943
-0.00096825
-0.00068057
-0.00044437
-0.00026663
-0.0001451
-7.0195e-05
-2.9177e-05
-9.8085e-06
-2.3726e-06
-3.1665e-07
-9.9639e-09
-0.00023619
-0.0011717
-0.0029881
-0.0055658
-0.0086746
-0.011875
-0.014448
-0.015611
-0.015118
-0.013466
-0.011428
-0.0095745
-0.0081443
-0.007122
-0.0063805
-0.0057864
-0.0052479
-0.0047174
-0.0041774
-0.003626
-0.0030673
-0.002506
-0.0019454
-0.0013863
-0.00082788
-0.00026783
0.00029694
0.00086994
0.0014549
0.0020554
0.0026748
0.0033157
0.0039781
0.004658
0.0053435
0.0060131
0.0066343
0.0071671
0.0075711
0.0078132
0.0078742
0.0077469
0.00743
0.006924
0.0062375
0.0054019
0.0044789
0.0035481
0.0026828
0.0019324
0.0013186
0.00084168
0.00048932
0.0002446
9.1506e-05
1.8093e-05
4.952e-08
1.5496e-06
1.1209e-05
4.3753e-05
0.00011868
0.00024535
0.00039612
0.00050023
0.00049282
0.00035992
0.00012874
-0.00016772
-0.00051232
-0.00090206
-0.0013365
-0.0018094
-0.0023078
-0.0028154
-0.0033153
-0.0037933
-0.0042374
-0.0046387
-0.0049904
-0.0052876
-0.0055268
-0.0057063
-0.0058254
-0.005885
-0.0058876
-0.0058366
-0.005736
-0.0055898
-0.0054005
-0.0051689
-0.0048942
-0.0045754
-0.0042133
-0.0038135
-0.0033862
-0.0029453
-0.0025049
-0.0020759
-0.0016658
-0.0012822
-0.00093646
-0.00064199
-0.00040929
-0.00024039
-0.00012846
-6.121e-05
-2.5133e-05
-8.3681e-06
-2.0094e-06
-2.6683e-07
-8.3768e-09
-0.00025147
-0.001246
-0.0031677
-0.0058694
-0.0090697
-0.012243
-0.014575
-0.015313
-0.014412
-0.012536
-0.010459
-0.0086666
-0.0073141
-0.006352
-0.0056541
-0.0050998
-0.0046066
-0.0041294
-0.0036493
-0.0031613
-0.0026667
-0.0021684
-0.0016686
-0.0011678
-0.00066522
-0.00015869
0.00035472
0.00087844
0.0014161
0.0019713
0.002547
0.0031447
0.0037632
0.0043961
0.00503
0.0056421
0.0062013
0.0066711
0.0070159
0.0072077
0.0072286
0.0070694
0.0067253
0.0061975
0.0055028
0.0046856
0.0038155
0.0029684
0.0022055
0.001562
0.0010486
0.00065899
0.00037765
0.00018648
6.9144e-05
1.3619e-05
5.6804e-08
1.7747e-06
1.2787e-05
4.9549e-05
0.00013252
0.00026663
0.00041081
0.00048437
0.00043012
0.00024929
-2.3617e-05
-0.00035904
-0.00074671
-0.0011876
-0.0016812
-0.0022188
-0.0027846
-0.003359
-0.0039227
-0.0044589
-0.0049543
-0.0053987
-0.0057848
-0.0061074
-0.0063631
-0.0065501
-0.0066679
-0.0067175
-0.0067011
-0.0066217
-0.0064828
-0.0062876
-0.0060382
-0.0057358
-0.0053813
-0.0049767
-0.0045275
-0.0040438
-0.00354
-0.0030326
-0.0025362
-0.0020619
-0.0016183
-0.001215
-0.00086399
-0.00057684
-0.00035885
-0.00020629
-0.00010827
-5.0836e-05
-2.0631e-05
-6.8068e-06
-1.6235e-06
-2.1457e-07
-6.722e-09
-0.00026671
-0.0013198
-0.0033445
-0.0061621
-0.0094309
-0.012526
-0.014545
-0.01482
-0.013546
-0.011514
-0.0094528
-0.0077443
-0.0064723
-0.0055665
-0.0049093
-0.0043944
-0.0039478
-0.0035267
-0.0031097
-0.0026885
-0.0022614
-0.0018293
-0.0013933
-0.00095368
-0.00050948
-5.8881e-05
0.00040078
0.00087264
0.00136
0.0018661
0.0023931
0.0029416
0.0035088
0.0040871
0.0046618
0.0052109
0.0057053
0.0061128
0.0064028
0.0065505
0.0065388
0.0063563
0.0059968
0.0054649
0.0047865
0.0040142
0.0032181
0.0024656
0.0018047
0.0012592
0.00083272
0.00051546
0.00029111
0.0001419
5.2105e-05
1.0219e-05
6.6956e-08
2.0869e-06
1.4952e-05
5.7348e-05
0.00015045
0.00029208
0.00042433
0.00045924
0.00035262
0.00012219
-0.0001926
-0.00056731
-0.00099798
-0.0014883
-0.0020374
-0.002635
-0.003263
-0.0038998
-0.0045237
-0.0051159
-0.0056612
-0.006148
-0.0065682
-0.0069159
-0.0071876
-0.007381
-0.0074956
-0.0075322
-0.0074923
-0.0073786
-0.0071937
-0.0069403
-0.0066209
-0.0062377
-0.0057943
-0.0052966
-0.004755
-0.0041845
-0.0036034
-0.0030304
-0.0024815
-0.0019689
-0.0015029
-0.0010943
-0.00075368
-0.0004877
-0.00029474
-0.00016518
-8.4848e-05
-3.9158e-05
-1.5682e-05
-5.1243e-06
-1.214e-06
-1.5977e-07
-4.996e-09
-0.00028227
-0.0013949
-0.0035218
-0.0064466
-0.0097556
-0.01271
-0.014337
-0.01413
-0.012538
-0.010424
-0.0084294
-0.0068245
-0.0056355
-0.0047843
-0.0041668
-0.0036911
-0.0032915
-0.0029264
-0.0025728
-0.002219
-0.0018603
-0.0014956
-0.0011247
-0.00074749
-0.00036309
3.0067e-05
0.0004342
0.000852
0.0012863
0.0017395
0.002213
0.0027065
0.0032162
0.0037334
0.0042438
0.0047265
0.0051559
0.005504
0.0057445
0.0058556
0.0058203
0.0056261
0.0052678
0.0047544
0.0041183
0.0034144
0.0027071
0.0020524
0.0014869
0.0010264
0.00067092
0.00041006
0.00022854
0.00011002
4.0006e-05
7.8114e-06
8.0503e-08
2.5012e-06
1.7784e-05
6.7269e-05
0.000172
0.00031865
0.00042958
0.00041485
0.00024904
-3.3734e-05
-0.0003921
-0.00080773
-0.0012814
-0.001818
-0.0024161
-0.0030648
-0.0037454
-0.0044353
-0.0051114
-0.0057533
-0.0063438
-0.0068699
-0.0073219
-0.0076931
-0.007979
-0.008177
-0.0082859
-0.0083058
-0.0082377
-0.0080836
-0.0078456
-0.0075264
-0.0071291
-0.006658
-0.0061198
-0.005525
-0.0048888
-0.0042309
-0.0035731
-0.0029369
-0.0023403
-0.0017978
-0.0013218
-0.00092268
-0.00060729
-0.00037489
-0.00021616
-0.0001158
-5.7109e-05
-2.547e-05
-9.9368e-06
-3.1893e-06
-7.4744e-07
-9.7818e-08
-3.0526e-09
-0.00029837
-0.001472
-0.0037004
-0.006721
-0.010032
-0.012766
-0.013925
-0.013244
-0.01141
-0.0092927
-0.0074094
-0.0059232
-0.0048205
-0.0040255
-0.0034492
-0.0030134
-0.0026597
-0.0023486
-0.0020555
-0.0017665
-0.0014741
-0.0011752
-0.00086854
-0.0005533
-0.0002287
0.00010656
0.00045425
0.00081646
0.0011953
0.0015926
0.0020089
0.002443
0.0028903
0.0033422
0.0037852
0.0042008
0.0045668
0.0048596
0.0050569
0.0051391
0.0050902
0.0048984
0.0045604
0.0040895
0.0035199
0.0029028
0.0022928
0.0017341
0.001254
0.00086372
0.00056254
0.0003419
0.00018914
9.0306e-05
3.2601e-05
6.344e-06
9.7959e-08
3.0312e-06
2.1341e-05
7.9276e-05
0.00019597
0.00034136
0.00041706
0.00033906
0.00010589
-0.0002339
-0.00064032
-0.0011008
-0.0016181
-0.0021968
-0.002835
-0.0035221
-0.0042405
-0.0049683
-0.0056827
-0.0063623
-0.0069886
-0.0075467
-0.0080253
-0.0084159
-0.0087129
-0.0089124
-0.0090123
-0.0090118
-0.0089112
-0.0087118
-0.0084155
-0.0080254
-0.007546
-0.0069838
-0.0063492
-0.0056571
-0.0049272
-0.0041835
-0.0034514
-0.0027554
-0.0021169
-0.0015534
-0.0010789
-0.00070201
-0.00042371
-0.00023498
-0.00011861
-5.3971e-05
-2.1921e-05
-7.8741e-06
-2.4717e-06
-6.5768e-07
-1.3509e-07
-1.6452e-08
-5.0112e-10
-0.00031496
-0.0015508
-0.003878
-0.0069764
-0.010237
-0.012657
-0.013287
-0.012172
-0.01019
-0.0081464
-0.0064097
-0.005054
-0.0040435
-0.00331
-0.0027793
-0.002385
-0.0020756
-0.0018142
-0.0015763
-0.0013463
-0.0011149
-0.00087747
-0.00063152
-0.00037577
-0.00010927
0.00016905
0.00046053
0.00076672
0.0010891
0.0014287
0.0017854
0.0021573
0.0025398
0.0029247
0.0033
0.0036496
0.0039553
0.0041975
0.0043575
0.0044185
0.0043663
0.0041911
0.0038926
0.0034854
0.0030015
0.002484
0.0019756
0.0015092
0.0011047
0.0007709
0.00050823
0.00031194
0.0001737
8.3215e-05
3.0073e-05
5.8524e-06
1.1988e-07
3.691e-06
2.5668e-05
9.3167e-05
0.00022028
0.0003533
0.00037519
0.00021792
-9.2665e-05
-0.00049759
-0.00096081
-0.0014731
-0.0020365
-0.0026532
-0.0033211
-0.0040311
-0.0047682
-0.0055133
-0.0062455
-0.006944
-0.0075899
-0.0081669
-0.0086617
-0.009064
-0.009366
-0.0095623
-0.0096493
-0.0096249
-0.0094886
-0.009241
-0.0088842
-0.0084218
-0.0078599
-0.0072079
-0.0064795
-0.0056935
-0.004874
-0.0040484
-0.0032461
-0.0024952
-0.0018207
-0.0012437
-0.00077887
-0.00043233
-0.00019857
-6.0541e-05
6.2832e-06
2.7867e-05
2.6335e-05
1.7088e-05
8.4342e-06
3.127e-06
7.9543e-07
1.0846e-07
3.4326e-09
-0.0003317
-0.0016293
-0.0040483
-0.0071971
-0.010337
-0.01234
-0.012406
-0.010934
-0.0089108
-0.0070068
-0.0054427
-0.004228
-0.0033184
-0.0026554
-0.002177
-0.0018269
-0.0015603
-0.0013437
-0.0011535
-0.00097424
-0.00079588
-0.00061267
-0.0004214
-0.00022028
-8.1545e-06
0.00021597
0.00045313
0.00070441
0.00097074
0.0012526
0.0015493
0.0018588
0.0021765
0.0024952
0.0028044
0.0030912
0.0033406
0.0035369
0.0036653
0.0037119
0.0036655
0.0035193
0.0032751
0.0029471
0.0025618
0.0021519
0.0017475
0.0013711
0.0010359
0.00074838
0.000511
0.00032404
0.00018552
9.0796e-05
3.3282e-05
6.5143e-06
1.4709e-07
4.5016e-06
3.0836e-05
0.00010865
0.00024191
0.00034564
0.00029062
3.5749e-05
-0.00036541
-0.00084879
-0.0013828
-0.0019577
-0.0025715
-0.0032237
-0.0039119
-0.0046294
-0.0053649
-0.0061036
-0.0068282
-0.0075204
-0.0081622
-0.0087371
-0.0092305
-0.0096301
-0.0099262
-0.010111
-0.010179
-0.010127
-0.0099525
-0.0096559
-0.009239
-0.0087065
-0.0080661
-0.0073295
-0.0065136
-0.0056408
-0.0047385
-0.0038376
-0.0029711
-0.0021706
-0.0014654
-0.00087908
-0.00042719
-0.00011305
7.4219e-05
0.00015818
0.00016967
0.00014005
9.5706e-05
5.462e-05
2.5488e-05
9.2356e-06
2.3329e-06
3.1804e-07
1.0077e-08
-0.00034799
-0.0017044
-0.0042019
-0.0073615
-0.010293
-0.011775
-0.011284
-0.0095643
-0.0076034
-0.0058911
-0.0045177
-0.0034541
-0.0026565
-0.0020748
-0.0016565
-0.0013541
-0.0011292
-0.00095231
-0.00080233
-0.00066466
-0.00052974
-0.00039163
-0.0002468
-9.3179e-05
7.0549e-05
0.00024536
0.00043213
0.00063164
0.00084443
0.0010706
0.0013093
0.0015583
0.0018137
0.0020692
0.0023162
0.0025445
0.0027423
0.0028977
0.0029993
0.0030369
0.0030027
0.0028932
0.0027119
0.0024709
0.00219
0.0018911
0.0015928
0.0013074
0.0010409
0.00079581
0.00057524
0.00038463
0.00023045
0.00011686
4.3876e-05
8.6731e-06
1.8126e-07
5.5083e-06
3.7039e-05
0.00012554
0.00025685
0.0003077
0.00014826
-0.00022535
-0.00073485
-0.0013162
-0.0019398
-0.0025913
-0.003263
-0.0039516
-0.0046549
-0.0053688
-0.0060864
-0.0067976
-0.0074896
-0.008148
-0.0087572
-0.009302
-0.0097676
-0.010141
-0.010411
-0.010569
-0.010606
-0.010518
-0.0103
-0.0099534
-0.0094782
-0.0088798
-0.0081673
-0.0073543
-0.0064604
-0.0055105
-0.0045348
-0.0035675
-0.0026441
-0.0018
-0.0010675
-0.0004726
-3.1362e-05
0.00025447
0.000399
0.00042987
0.00038263
0.00029396
0.0001959
0.00011153
5.2488e-05
1.9254e-05
4.921e-06
6.7688e-07
2.1539e-08
-0.00036308
-0.0017721
-0.0043279
-0.0074442
-0.01006
-0.010933
-0.0099422
-0.0081042
-0.0062989
-0.0048138
-0.0036428
-0.0027406
-0.0020661
-0.0015753
-0.001224
-0.00097253
-0.00078853
-0.00064731
-0.00053082
-0.00042645
-0.00032577
-0.00022335
-0.00011587
-1.2683e-06
0.00012175
0.00025411
0.00039655
0.00054965
0.00071377
0.00088877
0.0010738
0.0012669
0.0014646
0.0016619
0.0018522
0.0020275
0.0021791
0.0022983
0.0023772
0.0024093
0.0023903
0.0023198
0.0022023
0.0020478
0.0018697
0.0016809
0.0014899
0.0012995
0.0011071
0.00090859
0.00070359
0.00050058
0.00031581
0.00016654
6.4159e-05
1.2816e-05
2.2604e-07
6.8115e-06
4.4761e-05
0.00014398
0.00025967
0.00022622
-6.9816e-05
-0.00058661
-0.0012275
-0.0019314
-0.0026663
-0.0034101
-0.00415
-0.0048809
-0.0056013
-0.0063099
-0.0070034
-0.0076761
-0.0083197
-0.0089235
-0.0094751
-0.0099616
-0.01037
-0.010687
-0.010903
-0.011007
-0.01099
-0.010847
-0.010573
-0.010167
-0.0096287
-0.0089645
-0.0081836
-0.0073012
-0.0063381
-0.0053212
-0.0042826
-0.0032584
-0.0022864
-0.0014044
-0.00064675
-4.1165e-05
0.0003957
0.00066216
0.00077286
0.00075669
0.00065165
0.0004988
0.00033658
0.0001957
9.433e-05
3.5389e-05
9.2092e-06
1.2822e-06
4.1022e-08
-0.00037631
-0.0018291
-0.0044154
-0.0074197
-0.0095936
-0.0098058
-0.008422
-0.0066047
-0.0050277
-0.0037901
-0.0028292
-0.0020961
-0.001552
-0.0011581
-0.00087749
-0.00067807
-0.00053388
-0.00042503
-0.00033698
-0.00025951
-0.00018569
-0.00011106
-3.277e-05
5.093e-05
0.00014117
0.00023872
0.00034417
0.00045792
0.00058016
0.00071067
0.00084866
0.00099248
0.0011394
0.0012856
0.0014261
0.001555
0.0016664
0.0017545
0.0018142
0.0018425
0.0018383
0.0018037
0.0017442
0.0016683
0.0015846
0.0014993
0.0014135
0.001322
0.0012134
0.0010732
0.00089195
0.00067526
0.00044802
0.00024515
9.6689e-05
1.9493e-05
2.8901e-07
8.6216e-06
5.5015e-05
0.00016425
0.00024183
8.2818e-05
-0.00038664
-0.0010739
-0.0018725
-0.0027242
-0.00359
-0.004441
-0.0052615
-0.006046
-0.0067944
-0.0075076
-0.0081854
-0.0088253
-0.009422
-0.0099678
-0.010453
-0.010867
-0.011198
-0.011436
-0.01157
-0.011592
-0.011493
-0.011267
-0.010911
-0.010424
-0.0098057
-0.0090631
-0.0082063
-0.007251
-0.0062191
-0.0051385
-0.0040422
-0.002967
-0.0019518
-0.0010351
-0.00025173
0.00037006
0.00081328
0.0010752
0.0011688
0.0011209
0.00096862
0.00075496
0.0005237
0.00031468
0.00015685
6.0626e-05
1.6141e-05
2.2807e-06
7.3414e-08
-0.0003873
-0.0018731
-0.0044565
-0.007262
-0.0088556
-0.0084114
-0.0067881
-0.0051236
-0.0038237
-0.0028416
-0.002093
-0.0015302
-0.0011165
-0.00081884
-0.00060781
-0.00045874
-0.00035191
-0.00027224
-0.0002087
-0.00015348
-0.00010131
-4.8719e-05
6.4994e-06
6.5726e-05
0.00012984
0.00019942
0.00027488
0.00035646
0.00044421
0.00053787
0.00063673
0.00073947
0.00084402
0.00094755
0.0010465
0.001137
0.001215
0.0012772
0.0013211
0.0013463
0.0013541
0.0013487
0.0013364
0.0013248
0.00132
0.0013247
0.0013356
0.0013425
0.0013267
0.0012623
0.0011235
0.00090337
0.00062916
0.00035649
0.00014364
2.9196e-05
3.862e-07
1.1375e-05
6.972e-05
0.00018525
0.00018728
-0.00015102
-0.00083352
-0.0017174
-0.0026971
-0.0037147
-0.0047238
-0.0056925
-0.0066056
-0.0074584
-0.0082524
-0.0089906
-0.0096746
-0.010304
-0.010875
-0.011382
-0.011816
-0.012169
-0.01243
-0.012589
-0.012638
-0.012568
-0.012372
-0.012047
-0.011589
-0.010999
-0.010281
-0.00944
-0.0084897
-0.0074472
-0.0063353
-0.0051829
-0.0040231
-0.0028928
-0.0018299
-0.0008717
-5.1452e-05
0.00060448
0.0010799
0.001371
0.0014869
0.0014481
0.0012856
0.0010383
0.00075124
0.00047268
0.0002466
9.9177e-05
2.7198e-05
3.9125e-06
1.2683e-07
-0.00039631
-0.0019045
-0.0044456
-0.0069388
-0.0078189
-0.0068013
-0.0051278
-0.0037278
-0.0027279
-0.0019976
-0.001454
-0.0010523
-0.00075982
-0.0005505
-0.00040274
-0.00029893
-0.00022515
-0.00017075
-0.00012794
-9.1157e-05
-5.6626e-05
-2.1842e-05
1.4802e-05
5.432e-05
9.736e-05
0.00014434
0.00019553
0.00025106
0.00031091
0.00037482
0.00044218
0.00051199
0.00058272
0.00065239
0.00071859
0.00077882
0.00083075
0.0008727
0.00090417
0.00092624
0.00094198
0.00095655
0.00097675
0.0010098
0.0010613
0.0011336
0.0012232
0.001319
0.0013996
0.0014293
0.0013621
0.0011652
0.00085356
0.00050129
0.00020628
4.2249e-05
5.5191e-07
1.5974e-05
9.2202e-05
0.0001997
6.3295e-05
-0.0005211
-0.0014513
-0.0025482
-0.0037192
-0.004905
-0.0060572
-0.0071464
-0.0081596
-0.0090941
-0.0099527
-0.01074
-0.011458
-0.012108
-0.012688
-0.013192
-0.013613
-0.013941
-0.014168
-0.014282
-0.014277
-0.014143
-0.013874
-0.013468
-0.012923
-0.01224
-0.011425
-0.010488
-0.0094429
-0.0083093
-0.0071123
-0.0058816
-0.0046506
-0.003455
-0.0023305
-0.0013105
-0.00042368
0.00030809
0.00087168
0.0012628
0.0014849
0.0015479
0.0014675
0.0012673
0.00098268
0.00066343
0.00037044
0.00015801
4.5238e-05
6.6688e-06
2.1801e-07
-0.0004044
-0.0019268
-0.0043769
-0.006398
-0.0064777
-0.0050689
-0.0035521
-0.0024917
-0.0017876
-0.0012911
-0.00093134
-0.00066956
-0.00048038
-0.00034546
-0.00025051
-0.00018415
-0.00013741
-0.00010343
-7.712e-05
-5.4855e-05
-3.4136e-05
-1.3296e-05
8.7522e-06
3.2707e-05
5.902e-05
8.7985e-05
0.00011979
0.00015452
0.00019214
0.00023244
0.000275
0.0003191
0.00036369
0.00040747
0.00044892
0.00048652
0.00051906
0.00054593
0.00056758
0.00058583
0.00060416
0.00062773
0.00066299
0.00071686
0.00079553
0.00090322
0.0010406
0.0012018
0.0013695
0.0015057
0.0015465
0.0014207
0.0011054
0.00067752
0.00028547
5.8933e-05
8.5509e-07
2.4124e-05
0.0001261
0.00018151
-0.00019475
-0.0010948
-0.0022855
-0.0035905
-0.0049392
-0.0062748
-0.0075555
-0.0087573
-0.0098698
-0.010892
-0.011827
-0.012681
-0.013456
-0.014156
-0.014777
-0.015316
-0.015766
-0.016117
-0.01636
-0.016484
-0.016482
-0.016344
-0.016064
-0.015637
-0.015064
-0.014345
-0.013487
-0.012501
-0.011403
-0.010215
-0.0089619
-0.0076748
-0.0063864
-0.00513
-0.0039373
-0.0028357
-0.0018468
-0.00098493
-0.00025813
0.00033046
0.00077933
0.0010858
0.0012449
0.0012519
0.001111
0.00084951
0.00053181
0.00025037
7.7125e-05
1.184e-05
3.9183e-07
-0.00041307
-0.0019435
-0.0042303
-0.0055598
-0.0048743
-0.003362
-0.0021879
-0.0014863
-0.0010461
-0.00074724
-0.00053612
-0.00038415
-0.00027471
-0.00019672
-0.00014193
-0.00010382
-7.7258e-05
-5.8269e-05
-4.389e-05
-3.1991e-05
-2.1092e-05
-1.019e-05
1.3746e-06
1.4036e-05
2.8081e-05
4.3706e-05
6.1039e-05
8.0149e-05
0.00010103
0.00012356
0.0001475
0.00017241
0.00019766
0.00022249
0.00024601
0.00026739
0.00028604
0.00030185
0.00031548
0.00032861
0.0003441
0.00036609
0.00039981
0.00045121
0.0005266
0.00063239
0.00077459
0.00095724
0.0011768
0.0014088
0.0015873
0.0016014
0.0013553
0.00088359
0.00038477
8.0211e-05
1.4437e-06
3.9033e-05
0.00016608
5.8661e-05
-0.00069818
-0.0019503
-0.003373
-0.0048509
-0.0063368
-0.0077857
-0.0091669
-0.010462
-0.011661
-0.012765
-0.013776
-0.014701
-0.015543
-0.016305
-0.016986
-0.017583
-0.01809
-0.018498
-0.018798
-0.018982
-0.019038
-0.018959
-0.018737
-0.018368
-0.017848
-0.017179
-0.016365
-0.015418
-0.014352
-0.013187
-0.01195
-0.010668
-0.0093729
-0.0080931
-0.0068553
-0.0056799
-0.0045801
-0.0035621
-0.0026269
-0.0017739
-0.0010055
-0.00033123
0.00022904
0.0006444
0.00087603
0.00089101
0.00069845
0.00039507
0.00013991
2.3301e-05
7.8908e-07
-0.00042341
-0.0019519
-0.0039324
-0.0043465
-0.003148
-0.0018814
-0.0011481
-0.00075881
-0.0005252
-0.00037255
-0.00026666
-0.00019089
-0.0001363
-9.7343e-05
-6.9969e-05
-5.1012e-05
-3.7937e-05
-2.8766e-05
-2.201e-05
-1.659e-05
-1.1747e-05
-6.9674e-06
-1.9048e-06
3.6702e-06
9.9144e-06
1.6938e-05
2.4821e-05
3.3612e-05
4.3323e-05
5.3914e-05
6.5272e-05
7.7193e-05
8.9373e-05
0.00010142
0.0001129
0.0001234
0.00013265
0.00014067
0.00014791
0.0001554
0.00016492
0.00017903
0.00020108
0.00023524
0.00028655
0.00036134
0.00046789
0.00061704
0.00082094
0.0010845
0.0013788
0.0015939
0.0015412
0.0011178
0.00051659
0.00010942
2.7824e-06
6.9276e-05
0.00016599
-0.0003283
-0.0015888
-0.0031402
-0.0047239
-0.0063115
-0.0078757
-0.0093901
-0.010833
-0.01219
-0.013452
-0.014618
-0.015691
-0.016675
-0.017576
-0.018395
-0.019134
-0.01979
-0.020358
-0.020832
-0.021204
-0.021466
-0.021608
-0.021624
-0.021506
-0.021247
-0.020845
-0.020298
-0.01961
-0.018788
-0.017843
-0.016793
-0.015658
-0.014464
-0.013236
-0.011998
-0.010771
-0.0095693
-0.0083996
-0.0072617
-0.0061502
-0.0050588
-0.0039848
-0.0029339
-0.0019246
-0.00099197
-0.00019308
0.00038845
0.00065298
0.00055941
0.00026451
5.2913e-05
1.8873e-06
-0.00043868
-0.0019453
-0.0033089
-0.0027911
-0.0015816
-0.00082255
-0.00048079
-0.00031023
-0.00021205
-0.00014981
-0.00010715
-7.6707e-05
-5.4722e-05
-3.8983e-05
-2.7913e-05
-2.0268e-05
-1.5044e-05
-1.1448e-05
-8.8748e-06
-6.8851e-06
-5.1674e-06
-3.5088e-06
-1.7659e-06
1.5783e-07
2.3291e-06
4.7965e-06
7.5967e-06
1.0756e-05
1.4287e-05
1.8183e-05
2.241e-05
2.6897e-05
3.153e-05
3.6159e-05
4.061e-05
4.4719e-05
4.8374e-05
5.1579e-05
5.4518e-05
5.7627e-05
6.1666e-05
6.7769e-05
7.75e-05
9.2934e-05
0.00011686
0.00015323
0.00020808
0.00029103
0.00041742
0.00060983
0.00089185
0.0012466
0.0015052
0.0013384
0.00070548
0.00015465
6.1517e-06
0.00012415
-4.9445e-05
-0.0012325
-0.0029433
-0.0046461
-0.0063005
-0.0079221
-0.0095028
-0.01103
-0.01249
-0.013868
-0.015158
-0.016356
-0.017465
-0.018487
-0.019426
-0.020285
-0.021064
-0.021762
-0.022376
-0.022901
-0.023331
-0.023661
-0.023882
-0.02399
-0.023978
-0.023841
-0.023575
-0.023178
-0.022651
-0.021998
-0.021227
-0.020349
-0.01938
-0.018337
-0.01724
-0.016108
-0.014954
-0.013791
-0.012621
-0.011443
-0.010249
-0.0090307
-0.0077784
-0.0064889
-0.005166
-0.0038256
-0.0025026
-0.0012643
-0.00023636
0.00037871
0.00041651
0.00013209
5.4424e-06
-0.00045806
-0.0018528
-0.0021626
-0.0012227
-0.00052421
-0.00024954
-0.00014229
-8.9947e-05
-6.0889e-05
-4.2852e-05
-3.062e-05
-2.1914e-05
-1.5616e-05
-1.1094e-05
-7.909e-06
-5.7129e-06
-4.2227e-06
-3.2123e-06
-2.5084e-06
-1.9838e-06
-1.548e-06
-1.1393e-06
-7.1583e-07
-2.4934e-07
2.7974e-07
8.858e-07
1.5801e-06
2.3714e-06
3.2653e-06
4.2625e-06
5.3566e-06
6.5312e-06
7.7582e-06
8.9979e-06
1.0203e-05
1.1327e-05
1.2334e-05
1.3219e-05
1.4026e-05
1.4867e-05
1.5945e-05
1.7578e-05
2.0219e-05
2.4501e-05
3.1327e-05
4.2085e-05
5.9085e-05
8.6468e-05
0.00013199
0.0002106
0.00035128
0.00060405
0.0010016
0.001313
0.00095202
0.00022951
1.9856e-05
8.7717e-05
-0.0009092
-0.0027922
-0.0046384
-0.0063438
-0.0079827
-0.0095726
-0.011116
-0.012607
-0.014037
-0.015394
-0.016674
-0.017871
-0.018987
-0.020021
-0.020976
-0.021852
-0.02265
-0.023369
-0.024006
-0.024559
-0.025022
-0.025393
-0.025667
-0.025839
-0.025906
-0.025864
-0.02571
-0.025442
-0.025062
-0.024569
-0.023969
-0.023268
-0.022475
-0.021601
-0.020659
-0.019659
-0.018614
-0.017529
-0.01641
-0.015256
-0.014062
-0.012823
-0.011532
-0.010181
-0.008767
-0.007286
-0.0057402
-0.004142
-0.0025333
-0.0010369
3.5262e-05
0.00025461
2.0915e-05
-0.0005038
-0.0013184
-0.00075007
-0.00024602
-8.6788e-05
-4.04e-05
-2.2591e-05
-1.4031e-05
-9.4005e-06
-6.5801e-06
-4.6906e-06
-3.3529e-06
-2.3855e-06
-1.6902e-06
-1.1999e-06
-8.6206e-07
-6.3384e-07
-4.8074e-07
-3.7616e-07
-3.0051e-07
-2.3984e-07
-1.8458e-07
-1.2827e-07
-6.6564e-08
3.5545e-09
8.4304e-08
1.7744e-07
2.8439e-07
4.0618e-07
5.4322e-07
6.9491e-07
8.593e-07
1.0327e-06
1.2096e-06
1.3833e-06
1.5466e-06
1.6939e-06
1.8234e-06
1.9398e-06
2.0574e-06
2.2037e-06
2.4225e-06
2.7781e-06
3.3624e-06
4.3098e-06
5.8318e-06
8.2942e-06
1.2388e-05
1.9527e-05
3.2849e-05
6.0094e-05
0.00012233
0.00027875
0.00064658
0.00099036
0.00036157
9.3797e-05
-0.00065657
-0.0026764
-0.0046076
-0.0063245
-0.0079457
-0.0095113
-0.01103
-0.012504
-0.013929
-0.015299
-0.016608
-0.017852
-0.019025
-0.020126
-0.021154
-0.022108
-0.022986
-0.023788
-0.024512
-0.025155
-0.025716
-0.026191
-0.026579
-0.026877
-0.027083
-0.027193
-0.027208
-0.027125
-0.026943
-0.026663
-0.026285
-0.025811
-0.025245
-0.024591
-0.023855
-0.023042
-0.02216
-0.021213
-0.020208
-0.019148
-0.018034
-0.016868
-0.015649
-0.014374
-0.013044
-0.011657
-0.01021
-0.0087014
-0.0071249
-0.00547
-0.0037227
-0.0019057
-0.00032118
0.00010599
-0.00053339
-0.00023765
-3.4661e-05
-8.9796e-06
-3.0953e-06
-1.4261e-06
-7.8563e-07
-4.819e-07
-3.2023e-07
-2.2311e-07
-1.5867e-07
-1.1327e-07
-8.0497e-08
-5.6941e-08
-4.0324e-08
-2.8881e-08
-2.1164e-08
-1.6012e-08
-1.2526e-08
-1.004e-08
-8.0843e-09
-6.3327e-09
-4.5665e-09
-2.6388e-09
-4.4799e-10
2.0807e-09
5.0065e-09
8.3782e-09
1.2233e-08
1.6588e-08
2.143e-08
2.6702e-08
3.229e-08
3.8021e-08
4.3675e-08
4.9018e-08
5.3855e-08
5.8105e-08
6.1893e-08
6.5648e-08
7.0213e-08
7.6958e-08
8.792e-08
1.0602e-07
1.3554e-07
1.8325e-07
2.6085e-07
3.9066e-07
6.1882e-07
1.0501e-06
1.9517e-06
4.1072e-06
1.029e-05
3.6953e-05
0.00022913
0.0004987
-0.00053339
-0.0024872
-0.0042372
-0.0058767
-0.0074472
-0.0089759
-0.010468
-0.011923
-0.013338
-0.014708
-0.01603
-0.017299
-0.01851
-0.01966
-0.020745
-0.021763
-0.02271
-0.023585
-0.024385
-0.025108
-0.02575
-0.026311
-0.026789
-0.027181
-0.027486
-0.027704
-0.027832
-0.027871
-0.027819
-0.027677
-0.027445
-0.027125
-0.026716
-0.02622
-0.025641
-0.024979
-0.024239
-0.023423
-0.022534
-0.021576
-0.020552
-0.019464
-0.018317
-0.017112
-0.015852
-0.01454
-0.013178
-0.011771
-0.010321
-0.0088288
-0.0072958
-0.0057192
-0.0040914
-0.002367
-0.0004987
