-1.7912e-11
7.3478e-09
2.8325e-08
1.3001e-08
-1.5752e-07
-6.3561e-07
-1.5634e-06
-3.0493e-06
-5.1679e-06
-7.9587e-06
-1.1391e-05
-1.5267e-05
-1.9064e-05
-2.1782e-05
-2.1907e-05
-1.7685e-05
-7.8017e-06
7.7568e-06
2.7228e-05
4.7435e-05
6.4822e-05
7.6565e-05
8.1261e-05
7.9029e-05
7.1189e-05
5.9733e-05
4.6773e-05
3.4108e-05
2.2971e-05
1.3981e-05
7.242e-06
2.5203e-06
-5.7762e-07
-2.4666e-06
-3.49e-06
-3.8816e-06
-3.7878e-06
-3.3241e-06
-2.6214e-06
-1.833e-06
-1.1073e-06
-5.5016e-07
-2.0204e-07
-3.8678e-08
5.94e-09
4.134e-09
1.0336e-10
1.7912e-11
-1.235e-09
-1.1678e-09
8.9489e-10
3.9829e-09
7.1131e-09
9.716e-09
1.1639e-08
1.2981e-08
1.3857e-08
1.4178e-08
1.3505e-08
1.1042e-08
5.8111e-09
-2.9173e-09
-1.4934e-08
-2.8444e-08
-4.0161e-08
-4.6548e-08
-4.5517e-08
-3.7318e-08
-2.415e-08
-9.0512e-09
5.1531e-09
1.6458e-08
2.3853e-08
2.7239e-08
2.72e-08
2.4716e-08
2.0865e-08
1.6583e-08
1.2532e-08
9.084e-09
6.3563e-09
4.2433e-09
2.4846e-09
7.9952e-10
-9.5905e-10
-2.7264e-09
-4.2648e-09
-5.2771e-09
-5.5264e-09
-4.9153e-09
-3.5319e-09
-1.6952e-09
-1.6081e-11
6.5696e-10
1.0336e-10
1.2353e-09
2.7828e-08
9.2461e-08
-3.1555e-08
-9.0651e-07
-3.2724e-06
-7.8308e-06
-1.512e-05
-2.5502e-05
-3.9152e-05
-5.588e-05
-7.466e-05
-9.289e-05
-0.00010565
-0.0001056
-8.431e-05
-3.553e-05
4.0688e-05
0.0001358
0.00023452
0.00031971
0.00037766
0.00040144
0.0003914
0.00035373
0.000298
0.00023448
0.00017201
0.00011677
7.193e-05
3.8126e-05
1.4295e-05
-1.4517e-06
-1.114e-05
-1.6463e-05
-1.8588e-05
-1.8263e-05
-1.6083e-05
-1.271e-05
-8.9079e-06
-5.4048e-06
-2.7161e-06
-1.0336e-06
-2.3534e-07
-9.9842e-10
1.1166e-08
6.5689e-10
-7.3496e-09
-2.7827e-08
-2.2809e-08
3.5358e-08
1.2687e-07
2.2235e-07
3.0316e-07
3.6344e-07
4.0538e-07
4.3206e-07
4.4044e-07
4.1688e-07
3.3693e-07
1.7088e-07
-1.0285e-07
-4.766e-07
-8.9434e-07
-1.2552e-06
-1.4513e-06
-1.4195e-06
-1.1671e-06
-7.6079e-07
-2.9291e-07
1.499e-07
5.0524e-07
7.4075e-07
8.5189e-07
8.5555e-07
7.8147e-07
6.6302e-07
5.2957e-07
4.0223e-07
2.9312e-07
2.0622e-07
1.3847e-07
8.1928e-08
2.8015e-08
-2.7725e-08
-8.323e-08
-1.3115e-07
-1.624e-07
-1.6983e-07
-1.5081e-07
-1.087e-07
-5.4326e-08
-7.1526e-09
1.1166e-08
4.1336e-09
1.1702e-09
2.2796e-08
9.9628e-09
-5.6382e-07
-2.9749e-06
-8.9942e-06
-2.037e-05
-3.8467e-05
-6.4159e-05
-9.7758e-05
-0.00013855
-0.00018369
-0.00022642
-0.00025453
-0.00025026
-0.00019375
-7.0814e-05
0.00011772
0.00035129
0.00059371
0.00080441
0.00095042
0.0010141
0.0009949
0.00090648
0.00077117
0.00061386
0.00045672
0.00031578
0.00019982
0.00011121
4.7823e-05
5.2466e-06
-2.1482e-05
-3.6624e-05
-4.3217e-05
-4.3293e-05
-3.8501e-05
-3.0612e-05
-2.1585e-05
-1.3236e-05
-6.8176e-06
-2.7764e-06
-8.0024e-07
-1.3102e-07
-7.1232e-09
-1.5101e-11
-2.8363e-08
-9.2416e-08
-9.9823e-09
3.6487e-07
9.6434e-07
1.6178e-06
2.1898e-06
2.6248e-06
2.9259e-06
3.1065e-06
3.1407e-06
2.9305e-06
2.3055e-06
1.0642e-06
-9.2978e-07
-3.6038e-06
-6.5531e-06
-9.0764e-06
-1.0439e-05
-1.0214e-05
-8.4507e-06
-5.5965e-06
-2.2787e-06
9.0355e-07
3.5047e-06
5.2777e-06
6.1672e-06
6.2733e-06
5.7958e-06
4.9702e-06
4.0115e-06
3.0793e-06
2.2685e-06
1.6136e-06
1.0964e-06
6.6263e-07
2.5308e-07
-1.625e-07
-5.6877e-07
-9.1402e-07
-1.1356e-06
-1.1863e-06
-1.0534e-06
-7.6956e-07
-4.1992e-07
-1.3106e-07
-9.3021e-10
5.954e-09
-9.2696e-10
-3.6446e-08
-3.7182e-07
-1.9731e-06
-6.9136e-06
-1.8153e-05
-3.8762e-05
-7.1194e-05
-0.00011693
-0.00017619
-0.00024704
-0.00032352
-0.00039282
-0.000433
-0.00041357
-0.00030191
-7.6229e-05
0.00026004
0.00067164
0.0010986
0.0014736
0.0017408
0.0018676
0.0018494
0.0017056
0.0014722
0.0011919
0.00090468
0.00064136
0.00042025
0.00024787
0.00012203
3.5592e-05
-2.0133e-05
-5.2949e-05
-6.87e-05
-7.1523e-05
-6.4835e-05
-5.2153e-05
-3.7158e-05
-2.3135e-05
-1.2278e-05
-5.3411e-06
-1.7924e-06
-4.1917e-07
-5.4137e-08
-1.6877e-09
-1.2169e-08
3.632e-08
5.7366e-07
1.9638e-06
4.0905e-06
6.4722e-06
8.6301e-06
1.0308e-05
1.1459e-05
1.2087e-05
1.2065e-05
1.1011e-05
8.2892e-06
3.1837e-06
-4.7325e-06
-1.5077e-05
-2.6262e-05
-3.5687e-05
-4.0714e-05
-3.9841e-05
-3.3248e-05
-2.2512e-05
-9.8647e-06
2.5047e-06
1.2889e-05
2.0251e-05
2.4248e-05
2.5138e-05
2.3614e-05
2.0562e-05
1.6839e-05
1.3112e-05
9.7994e-06
7.0706e-06
4.8795e-06
3.0316e-06
1.3088e-06
-3.9828e-07
-2.0289e-06
-3.3891e-06
-4.2507e-06
-4.4535e-06
-3.9784e-06
-2.983e-06
-1.7934e-06
-7.9943e-07
-2.3445e-07
-3.8453e-08
-4.1697e-09
-1.3242e-07
-9.9867e-07
-4.1852e-06
-1.259e-05
-3.0247e-05
-6.1469e-05
-0.00010977
-0.00017707
-0.00026296
-0.00036328
-0.00046746
-0.00055503
-0.00059328
-0.0005395
-0.0003509
-1.9567e-06
0.00049814
0.0010994
0.0017213
0.0022742
0.0026814
0.0028943
0.0028992
0.0027153
0.0023874
0.0019742
0.0015356
0.001121
0.00076322
0.00047705
0.00026281
0.00011171
1.1366e-05
-5.0232e-05
-8.2643e-05
-9.3054e-05
-8.7501e-05
-7.1898e-05
-5.2085e-05
-3.3055e-05
-1.8063e-05
-8.2478e-06
-2.9852e-06
-7.6916e-07
-1.0845e-07
-3.5202e-09
1.667e-07
9.5023e-07
3.0636e-06
6.9802e-06
1.2472e-05
1.86e-05
2.427e-05
2.8749e-05
3.1756e-05
3.3151e-05
3.2489e-05
2.8706e-05
2.0156e-05
5.1113e-06
-1.7238e-05
-4.55e-05
-7.5254e-05
-9.9778e-05
-0.00011256
-0.00011003
-9.2721e-05
-6.4441e-05
-3.0627e-05
3.2382e-06
3.2633e-05
5.4508e-05
6.7476e-05
7.1764e-05
6.8908e-05
6.1202e-05
5.105e-05
4.0455e-05
3.0751e-05
2.256e-05
1.5854e-05
1.0165e-05
4.9365e-06
-1.114e-07
-4.8143e-06
-8.6697e-06
-1.1105e-05
-1.1756e-05
-1.0647e-05
-8.245e-06
-5.3466e-06
-2.7753e-06
-1.0309e-06
-2.0125e-07
-7.5834e-09
-2.3596e-07
-1.6998e-06
-6.7103e-06
-1.9014e-05
-4.3493e-05
-8.529e-05
-0.00014853
-0.00023501
-0.00034285
-0.00046439
-0.00058301
-0.00066961
-0.00068135
-0.00056639
-0.00027738
0.00020849
0.00087236
0.0016509
0.0024498
0.0031667
0.003712
0.0040244
0.0040782
0.0038849
0.0034885
0.0029559
0.0023634
0.001781
0.0012606
0.00083115
0.00049999
0.00025956
9.4807e-05
-1.056e-05
-7.0609e-05
-9.6581e-05
-9.8018e-05
-8.3852e-05
-6.2416e-05
-4.0573e-05
-2.2765e-05
-1.0722e-05
-4.0097e-06
-1.0608e-06
-1.5164e-07
-4.9378e-09
6.7616e-07
3.458e-06
9.3616e-06
1.8529e-05
3.0277e-05
4.3001e-05
5.4758e-05
6.4028e-05
6.9958e-05
7.191e-05
6.8667e-05
5.7875e-05
3.621e-05
5.3955e-07
-4.998e-05
-0.00011146
-0.00017408
-0.00022413
-0.00024911
-0.00024269
-0.00020624
-0.00014712
-7.5605e-05
-2.2425e-06
6.3797e-05
0.00011564
0.00014929
0.00016393
0.00016177
0.00014722
0.00012556
0.00010157
7.8704e-05
5.881e-05
4.2163e-05
2.7951e-05
1.5071e-05
2.9555e-06
-8.0652e-06
-1.6983e-05
-2.2686e-05
-2.4529e-05
-2.2676e-05
-1.8111e-05
-1.2334e-05
-6.8424e-06
-2.7212e-06
-5.5064e-07
-1.0382e-08
-3.2198e-07
-2.2971e-06
-8.9137e-06
-2.4681e-05
-5.5059e-05
-0.00010545
-0.00017979
-0.0002788
-0.00039797
-0.00052486
-0.00063575
-0.00069293
-0.00064551
-0.00043717
-2.2729e-05
0.00061104
0.0014315
0.0023628
0.0033033
0.0041476
0.0048043
0.0052079
0.0053241
0.0051527
0.004727
0.0041097
0.0033836
0.002635
0.0019376
0.00134
0.0008633
0.000506
0.00025316
8.4974e-05
-1.7525e-05
-7.0513e-05
-8.7865e-05
-8.2065e-05
-6.4216e-05
-4.3217e-05
-2.4927e-05
-1.2007e-05
-4.5625e-06
-1.2169e-06
-1.7424e-07
-5.669e-09
1.6671e-06
8.2948e-06
2.125e-05
3.9634e-05
6.162e-05
8.4466e-05
0.0001051
0.00012091
0.00013003
0.00013072
0.0001203
9.4405e-05
4.7495e-05
-2.488e-05
-0.00012241
-0.00023619
-0.00034764
-0.00043301
-0.00047237
-0.00045685
-0.00038998
-0.00028417
-0.00015585
-2.1783e-05
0.00010302
0.00020629
0.00027939
0.00031829
0.00032435
0.00030384
0.00026599
0.0002203
0.00017443
0.00013297
9.7393e-05
6.6769e-05
3.9357e-05
1.4174e-05
-8.2626e-06
-2.6293e-05
-3.8115e-05
-4.2758e-05
-4.0605e-05
-3.3336e-05
-2.3411e-05
-1.3402e-05
-5.4696e-06
-1.12e-06
-1.1957e-08
-3.7088e-07
-2.6434e-06
-1.0217e-05
-2.8057e-05
-6.1821e-05
-0.00011656
-0.00019511
-0.00029597
-0.00041078
-0.00052126
-0.00059622
-0.00059031
-0.00044734
-0.00011116
0.00045534
0.0012499
0.002222
0.0032828
0.0043264
0.0052514
0.0059741
0.0064348
0.0065998
0.0064614
0.0060391
0.005381
0.0045614
0.0036713
0.0028011
0.0020224
0.0013765
0.00087503
0.00050798
0.00025443
9.0985e-05
-3.9161e-06
-4.9099e-05
-6.1041e-05
-5.3875e-05
-3.8773e-05
-2.3335e-05
-1.1556e-05
-4.4658e-06
-1.2014e-06
-1.7259e-07
-5.6197e-09
3.2016e-06
1.577e-05
3.9517e-05
7.1715e-05
0.00010848
0.00014517
0.00017707
0.00020003
0.0002106
0.00020526
0.00017902
0.00012486
3.4955e-05
-9.5603e-05
-0.00026312
-0.00045005
-0.00062493
-0.00075124
-0.00080138
-0.0007658
-0.0006527
-0.00048162
-0.00027637
-6.0276e-05
0.00014584
0.00032416
0.00046032
0.00054476
0.00057486
0.00055632
0.00050174
0.00042691
0.00034625
0.00026982
0.00020215
0.00014321
9.0906e-05
4.3783e-05
2.482e-06
-3.0671e-05
-5.3131e-05
-6.3578e-05
-6.2649e-05
-5.2867e-05
-3.7984e-05
-2.2148e-05
-9.1563e-06
-1.8851e-06
-1.192e-08
-3.7026e-07
-2.6444e-06
-1.0229e-05
-2.8034e-05
-6.1371e-05
-0.00011434
-0.00018784
-0.00027716
-0.00036911
-0.00043903
-0.00044849
-0.00034575
-7.1642e-05
0.00042639
0.0011725
0.0021434
0.0032664
0.0044387
0.0055525
0.0065142
0.0072533
0.0077235
0.0079001
0.0077769
0.0073658
0.0066988
0.0058315
0.0048434
0.0038285
0.0028755
0.0020495
0.0013824
0.00087598
0.00051287
0.00026729
0.00011274
2.5255e-05
-1.5932e-05
-2.8236e-05
-2.5379e-05
-1.7053e-05
-8.9978e-06
-3.613e-06
-9.9469e-07
-1.448e-07
-4.74e-09
5.1916e-06
2.5468e-05
6.3212e-05
0.00011324
0.00016874
0.00022224
0.00026652
0.00029517
0.00030245
0.0002822
0.00022644
0.00012518
-3.1255e-05
-0.00024649
-0.00051004
-0.00079066
-0.001039
-0.0012037
-0.0012515
-0.0011762
-0.00099439
-0.00073559
-0.00043214
-0.00011394
0.00019331
0.00046756
0.0006897
0.00084413
0.00092151
0.00092252
0.00085955
0.00075364
0.00062795
0.00050135
0.00038477
0.00028139
0.00018985
0.00010854
3.8097e-05
-1.8637e-05
-5.8471e-05
-7.9757e-05
-8.3412e-05
-7.2925e-05
-5.3653e-05
-3.1794e-05
-1.3277e-05
-2.7444e-06
-1.0266e-08
-3.1953e-07
-2.2903e-06
-8.8854e-06
-2.4354e-05
-5.3034e-05
-9.7469e-05
-0.00015603
-0.00022016
-0.00027134
-0.00027831
-0.00019565
3.4226e-05
0.00047248
0.0011651
0.0021172
0.0032766
0.0045451
0.005807
0.0069573
0.0079156
0.0086286
0.0090663
0.009216
0.009078
0.0086639
0.0079964
0.0071139
0.0060754
0.0049618
0.0038653
0.002869
0.0020283
0.0013642
0.00086942
0.00052005
0.00028668
0.00014079
5.733e-05
1.5431e-05
-1.4016e-06
-5.246e-06
-3.9848e-06
-1.892e-06
-5.7085e-07
-8.7474e-08
-2.9244e-09
7.3897e-06
3.6194e-05
8.9489e-05
0.00015935
0.00023551
0.00030676
0.00036231
0.0003924
0.00038796
0.00033932
0.00023492
6.1739e-05
-0.00019079
-0.00052239
-0.00091037
-0.001302
-0.0016244
-0.0018119
-0.0018309
-0.0016854
-0.0014056
-0.0010333
-0.00060986
-0.00017104
0.00025384
0.0006402
0.00096618
0.0012119
0.0013614
0.0014069
0.0013548
0.0012266
0.0010528
0.00086337
0.00067995
0.00051283
0.00036399
0.00023269
0.00011972
2.8146e-05
-3.847e-05
-7.8337e-05
-9.2719e-05
-8.612e-05
-6.5636e-05
-3.9749e-05
-1.6811e-05
-3.4918e-06
-7.4876e-09
-2.3362e-07
-1.681e-06
-6.5375e-06
-1.7876e-05
-3.8473e-05
-6.8778e-05
-0.00010419
-0.00013195
-0.00012786
-5.3636e-05
0.00014395
0.00052938
0.0011651
0.0020845
0.0032616
0.0046062
0.0059934
0.0073024
0.0084406
0.0093495
0.009998
0.010374
0.010475
0.010306
0.0098793
0.0092115
0.0083307
0.0072786
0.0061165
0.0049247
0.0037912
0.0027898
0.0019638
0.0013229
0.00085153
0.00052125
0.00030084
0.0001616
7.9308e-05
3.4628e-05
1.2937e-05
3.8948e-06
8.5459e-07
1.1257e-07
5.5206e-09
2.8318e-11
9.4673e-06
4.6351e-05
0.00011446
0.00020325
0.00029881
0.00038559
0.00044812
0.00047193
0.00044325
0.00034778
0.00016959
-0.00010747
-0.0004935
-0.00097947
-0.0015204
-0.0020304
-0.002409
-0.002583
-0.0025303
-0.0022742
-0.0018635
-0.001353
-0.00079154
-0.00021825
0.00033618
0.00084637
0.0012892
0.0016422
0.0018845
0.0020003
0.0019861
0.0018566
0.0016439
0.0013879
0.0011237
0.00087368
0.00064736
0.00044744
0.00027567
0.00013525
2.9606e-05
-3.9758e-05
-7.4667e-05
-8.0574e-05
-6.6071e-05
-4.1679e-05
-1.8029e-05
-3.7764e-06
-4.4759e-09
-1.3974e-07
-1.0043e-06
-3.8755e-06
-1.0371e-05
-2.129e-05
-3.4489e-05
-4.1897e-05
-2.5937e-05
4.4198e-05
0.00021557
0.00055182
0.0011259
0.0019968
0.0031693
0.0045683
0.0060596
0.0075006
0.0087807
0.0098348
0.010636
0.01118
0.011473
0.011521
0.011329
0.010904
0.010254
0.0093975
0.0083634
0.0071976
0.0059643
0.0047435
0.003616
0.0026437
0.0018566
0.0012538
0.0008133
0.00050476
0.00029744
0.0001644
8.3691e-05
3.8218e-05
1.5055e-05
4.8049e-06
1.1073e-06
1.4199e-07
4.3777e-09
1.1164e-05
5.4651e-05
0.00013484
0.00023889
0.00034925
0.00044559
0.00050676
0.00051208
0.00044139
0.00027398
-1.1913e-05
-0.0004359
-0.0010042
-0.0016878
-0.0024005
-0.0030105
-0.0033954
-0.003493
-0.0033097
-0.0028981
-0.0023274
-0.0016628
-0.00095614
-0.00024535
0.00044131
0.0010803
0.0016486
0.0021216
0.002474
0.0026831
0.0027351
0.0026338
0.0024053
0.002093
0.0017447
0.0013982
0.0010758
0.00078793
0.00053943
0.00033414
0.00017487
6.2016e-05
-7.3006e-06
-3.9336e-05
-4.342e-05
-3.1084e-05
-1.4301e-05
-3.0611e-06
-2.1317e-09
-6.5608e-08
-4.5377e-07
-1.623e-06
-3.729e-06
-5.3469e-06
-1.1845e-06
2.1255e-05
8.5894e-05
0.00023269
0.00052119
0.0010288
0.0018343
0.002975
0.0043996
0.0059688
0.0075136
0.0088968
0.010041
0.010923
0.011555
0.011959
0.012156
0.012158
0.011967
0.011579
0.010989
0.010201
0.0092292
0.0081073
0.0068866
0.0056355
0.0044326
0.0033496
0.0024347
0.0017046
0.0011499
0.00074546
0.00046133
0.00026928
0.00014547
7.0712e-05
2.9672e-05
1.0063e-05
2.4484e-06
3.2763e-07
1.0319e-08
1.2417e-05
6.074e-05
0.00014952
0.00026354
0.00038142
0.00047747
0.0005238
0.00049187
0.00035283
7.6869e-05
-0.00036578
-0.00099692
-0.0018081
-0.0027247
-0.0035929
-0.0042353
-0.0045344
-0.0044684
-0.0040901
-0.0034857
-0.002741
-0.0019243
-0.0010829
-0.00024765
0.00056008
0.0013218
0.0020167
0.0026187
0.0030974
0.0034222
0.003569
0.0035291
0.0033175
0.0029741
0.0025535
0.0021088
0.001679
0.0012871
0.00094491
0.0006585
0.00042999
0.00025756
0.00013629
5.9171e-05
1.7466e-05
7.6971e-07
-2.0365e-06
-6.0858e-07
-8.8161e-10
-2.4436e-08
-1.2294e-07
-1.3305e-07
1.1353e-06
7.5564e-06
2.8425e-05
8.244e-05
0.0002029
0.00044333
0.00088029
0.0016043
0.0026825
0.0040949
0.0057068
0.0073226
0.0087707
0.0099535
0.010849
0.011483
0.011904
0.012154
0.012259
0.012232
0.012069
0.011756
0.011275
0.010611
0.0097613
0.0087428
0.0075938
0.0063732
0.0051536
0.00401
0.003003
0.0021665
0.0015064
0.0010073
0.00064385
0.00038867
0.0002173
0.00010927
4.7337e-05
1.6519e-05
4.1152e-06
5.6035e-07
1.7796e-08
1.3355e-05
6.5181e-05
0.00015944
0.00027777
0.00039393
0.00047561
0.00048656
0.00038814
0.00013966
-0.00030111
-0.00097262
-0.0018896
-0.0029995
-0.0041395
-0.0050754
-0.0056188
-0.0057054
-0.0053846
-0.0047635
-0.003955
-0.0030491
-0.0021057
-0.0011594
-0.00022861
0.00067532
0.0015413
0.0023529
0.0030847
0.0037021
0.004165
0.0044367
0.0044944
0.004339
0.0040011
0.0035357
0.0030069
0.0024709
0.0019672
0.0015191
0.001138
0.00082586
0.00057756
0.00038453
0.00023872
0.00013384
6.4065e-05
2.3009e-05
4.4579e-06
-3.837e-10
-5.7381e-09
6.168e-08
8.7623e-07
5.0142e-06
1.931e-05
5.8472e-05
0.00015016
0.00034138
0.00070405
0.0013327
0.0023166
0.0036718
0.0052809
0.0069284
0.0084047
0.0095842
0.01044
0.011014
0.011377
0.011593
0.011709
0.011748
0.011715
0.0116
0.011384
0.01104
0.010541
0.0098656
0.0090104
0.007996
0.0068689
0.0056951
0.0045487
0.0034977
0.00259
0.0018469
0.0012658
0.00082888
0.00051254
0.0002934
0.0001509
6.6742e-05
2.3711e-05
5.9921e-06
8.2429e-07
2.6304e-08
1.4118e-05
6.8575e-05
0.00016561
0.00028198
0.00038442
0.00043157
0.00037607
0.00016574
-0.00025567
-0.00094456
-0.0019406
-0.0032212
-0.0046322
-0.0058882
-0.006713
-0.0069808
-0.0067316
-0.0060988
-0.0052316
-0.0042485
-0.0032249
-0.0022
-0.0011901
-0.00020003
0.00076873
0.0017125
0.0026206
0.0034713
0.0042289
0.0048459
0.0052712
0.0054643
0.0054088
0.0051212
0.004651
0.0040674
0.0034416
0.0028307
0.0022735
0.0017902
0.0013841
0.0010459
0.00076121
0.00052032
0.00032152
0.00016838
6.4886e-05
1.298e-05
3.3673e-10
2.0652e-08
3.1442e-07
2.2328e-06
1.0197e-05
3.5061e-05
9.9027e-05
0.00024215
0.00052928
0.0010524
0.0019135
0.0031636
0.0047169
0.0063513
0.0078213
0.0089688
0.009757
0.01024
0.010511
0.010654
0.010729
0.010766
0.010775
0.010752
0.010686
0.010558
0.010342
0.010009
0.0095243
0.0088667
0.008035
0.0070576
0.0059886
0.004898
0.0038569
0.0029227
0.0021304
0.0014904
0.0009951
0.00062674
0.00036505
0.00019079
8.5592e-05
3.0773e-05
7.85e-06
1.087e-06
3.479e-08
1.4589e-05
7.0277e-05
0.00016593
0.00027098
0.00034188
0.00032446
0.00015598
-0.00023362
-0.00091862
-0.0019637
-0.0033815
-0.0050461
-0.0066383
-0.0077805
-0.0082595
-0.0080934
-0.0074472
-0.0065179
-0.0054613
-0.0043712
-0.0032904
-0.0022317
-0.0011945
-0.00017452
0.00083253
0.0018279
0.0028068
0.0037539
0.004638
0.0054095
0.0060056
0.0063665
0.0064536
0.0062647
0.0058374
0.0052406
0.0045554
0.0038558
0.0031977
0.0026134
0.0021096
0.0016717
0.0012778
0.00091532
0.00058964
0.00031944
0.00012607
2.5475e-05
2.341e-09
8.7823e-08
8.7364e-07
4.8715e-06
1.9295e-05
6.0654e-05
0.00016118
0.00037647
0.00079077
0.001509
0.0026105
0.0040527
0.0056269
0.0070607
0.0081613
0.0088777
0.009273
0.0094584
0.0095357
0.0095702
0.0095918
0.009607
0.0096118
0.0095987
0.0095592
0.0094824
0.0093516
0.0091415
0.0088188
0.0083499
0.0077145
0.0069185
0.0059984
0.0050139
0.0040336
0.0031202
0.0023185
0.0016507
0.0011197
0.0007153
0.00042189
0.0002229
0.00010091
3.6544e-05
9.3729e-06
1.3027e-06
4.1765e-08
1.4244e-05
6.7639e-05
0.00015336
0.00023067
0.00024178
0.00011491
-0.00023315
-0.00089381
-0.0019555
-0.0034669
-0.0053476
-0.0072765
-0.0087743
-0.0095061
-0.0094448
-0.0087873
-0.0077916
-0.0066619
-0.0055142
-0.0043927
-0.0033035
-0.0022392
-0.0011914
-0.00015404
0.0008772
0.0019053
0.0029303
0.0039452
0.004928
0.0058347
0.0065985
0.0071428
0.007405
0.0073582
0.0070224
0.0064594
0.0057548
0.0049964
0.004257
0.0035825
0.0029846
0.0024431
0.0019263
0.0014186
0.00093512
0.00051564
0.00020595
4.182e-05
6.2942e-09
2.1679e-07
1.8946e-06
9.4175e-06
3.4085e-05
0.00010004
0.00025197
0.00056238
0.0011304
0.0020521
0.0033327
0.0048007
0.0061731
0.0072243
0.007883
0.0082148
0.0083454
0.0083877
0.0084088
0.0084329
0.0084595
0.0084793
0.0084832
0.0084655
0.0084233
0.0083548
0.0082543
0.0081078
0.0078895
0.007565
0.0071017
0.0064858
0.0057327
0.0048862
0.0040068
0.0031562
0.0023846
0.0017232
0.0011837
0.00076404
0.00045427
0.0002414
0.00010971
3.9831e-05
1.0232e-05
1.4235e-06
4.5661e-08
1.2197e-05
5.6242e-05
0.00011639
0.00013876
4.714e-05
-0.00025281
-0.00086877
-0.0019116
-0.0034646
-0.0055016
-0.0077421
-0.0096309
-0.010677
-0.010767
-0.010117
-0.0090568
-0.0078538
-0.0066535
-0.0055015
-0.0043934
-0.0033122
-0.0022445
-0.0011841
-0.00012841
0.00092385
0.0019749
0.0030279
0.0040832
0.005131
0.0061393
0.0070466
0.0077674
0.008217
0.0083415
0.0081371
0.0076521
0.0069706
0.0061895
0.0053964
0.0046506
0.0039689
0.0033247
0.002676
0.0020046
0.0013392
0.00074578
0.00029979
6.1036e-05
1.2509e-08
4.1743e-07
3.45e-06
1.6157e-05
5.5323e-05
0.00015457
0.00037236
0.00079561
0.0015238
0.0026038
0.0039222
0.0052111
0.0062179
0.0068428
0.0071428
0.0072494
0.0072827
0.0073106
0.0073519
0.0073996
0.0074396
0.0074602
0.0074547
0.0074207
0.0073596
0.0072746
0.0071684
0.0070377
0.0068682
0.0066326
0.0062962
0.0058327
0.0052389
0.0045404
0.0037848
0.0030278
0.0023197
0.0016963
0.0011761
0.00076392
0.0004556
0.00024215
0.00010984
3.9763e-05
1.0187e-05
1.4144e-06
4.5328e-08
7.3212e-06
3.0459e-05
4.0482e-05
-3.2393e-05
-0.00028655
-0.00084231
-0.001831
-0.0033681
-0.0054835
-0.0079737
-0.01027
-0.011713
-0.012037
-0.011443
-0.010332
-0.0090535
-0.0077979
-0.0066179
-0.0054977
-0.0044074
-0.0033263
-0.002246
-0.0011656
-8.7297e-05
0.00098711
0.002058
0.0031291
0.0042059
0.0052894
0.0063627
0.0073769
0.0082478
0.0088753
0.0091795
0.00913
0.0087562
0.0081347
0.0073663
0.0065496
0.0057554
0.0050036
0.0042608
0.003475
0.0026288
0.0017684
0.00098951
0.00039898
8.1331e-05
2.1189e-08
6.9559e-07
5.5731e-06
2.5162e-05
8.294e-05
0.00022303
0.0005164
0.0010554
0.0019128
0.0030431
0.0042247
0.0051919
0.0058081
0.006105
0.006208
0.0062419
0.0062784
0.0063355
0.0064023
0.0064615
0.0064995
0.0065091
0.0064877
0.0064354
0.0063549
0.0062507
0.0061285
0.0059918
0.0058366
0.0056459
0.005391
0.0050418
0.0045831
0.0040246
0.0033993
0.0027533
0.0021323
0.0015724
0.0010961
0.00071288
0.00042389
0.00022375
0.00010056
3.6056e-05
9.1614e-06
1.2647e-06
4.0427e-08
-1.6842e-06
-1.613e-05
-9.0564e-05
-0.0003125
-0.00080435
-0.0017114
-0.0031774
-0.005285
-0.0079254
-0.010603
-0.012528
-0.013213
-0.012764
-0.011636
-0.010279
-0.0089535
-0.0077371
-0.0066057
-0.0055128
-0.0044265
-0.0033337
-0.0022334
-0.0011298
-2.7838e-05
0.0010688
0.0021586
0.0032444
0.0043333
0.0054336
0.0065423
0.0076266
0.0086115
0.0093905
0.009863
0.0099726
0.0097267
0.00919
0.0084624
0.0076492
0.0068285
0.0060205
0.0051833
0.0042581
0.0032341
0.0021798
0.0012209
0.00049253
0.00010042
3.2313e-08
1.0493e-06
8.2292e-06
3.6169e-05
0.00011564
0.00030062
0.00066934
0.0013032
0.0022159
0.0032605
0.004184
0.0048103
0.0051271
0.0052388
0.0052716
0.0053069
0.0053685
0.0054445
0.0055144
0.0055629
0.0055828
0.0055724
0.0055324
0.0054645
0.0053711
0.0052555
0.0051231
0.0049795
0.0048266
0.0046569
0.0044507
0.0041816
0.0038296
0.0033936
0.0028935
0.0023641
0.0018437
0.0013653
0.00095168
0.0006156
0.00036182
0.00018778
8.2723e-05
2.9082e-05
7.2683e-06
9.9176e-07
3.1535e-08
-1.6133e-05
-8.9906e-05
-0.00029216
-0.00072769
-0.0015407
-0.0028923
-0.0049107
-0.0075809
-0.010548
-0.013008
-0.014211
-0.014055
-0.012982
-0.011548
-0.010128
-0.0088526
-0.0077021
-0.0066101
-0.0055266
-0.0044304
-0.0033193
-0.0021983
-0.0010741
4.7935e-05
0.0011635
0.0022703
0.0033692
0.004467
0.0055751
0.0067006
0.0078259
0.0088891
0.0097853
0.010401
0.010656
0.010538
0.010096
0.009426
0.0086355
0.007805
0.0069502
0.0060207
0.0049563
0.003761
0.0025293
0.0014135
0.00056945
0.00011605
4.5295e-08
1.4587e-06
1.1247e-05
4.8332e-05
0.00015038
0.00037828
0.00080837
0.0014913
0.0023647
0.0032246
0.0038668
0.0042214
0.0043533
0.0043826
0.0044045
0.0044556
0.0045272
0.0045962
0.0046445
0.0046644
0.0046553
0.0046201
0.0045614
0.0044814
0.0043816
0.0042638
0.0041314
0.003989
0.0038408
0.003685
0.0035105
0.0032979
0.0030286
0.0026959
0.0023102
0.0018954
0.0014811
0.0010946
0.00075682
0.00048148
0.0002756
0.00013807
5.8414e-05
1.9727e-05
4.7631e-06
6.3386e-07
1.9923e-08
-3.7014e-05
-0.0001955
-0.00057441
-0.0012917
-0.0025047
-0.0043696
-0.0069531
-0.01006
-0.013022
-0.014897
-0.015241
-0.014358
-0.012882
-0.011337
-0.0099646
-0.0087732
-0.0076782
-0.0066037
-0.0055134
-0.004401
-0.0032726
-0.0021363
-0.00099851
0.00013633
0.0012647
0.0023838
0.0034934
0.0045985
0.0057111
0.0068438
0.0079909
0.0091033
0.010082
0.010808
0.011184
0.011178
0.010827
0.01022
0.0094613
0.0086295
0.0077309
0.0067079
0.0055075
0.0041574
0.0027799
0.0015464
0.00062106
0.00012641
5.8874e-08
1.8829e-06
1.4307e-05
6.0261e-05
0.00018271
0.00044465
0.00090978
0.0015841
0.0023439
0.002989
0.0033918
0.0035594
0.00359
0.0035896
0.0036142
0.0036654
0.0037201
0.0037569
0.003766
0.0037473
0.003705
0.003644
0.0035678
0.0034785
0.0033769
0.0032635
0.0031397
0.0030082
0.0028722
0.0027326
0.0025845
0.0024159
0.0022129
0.001968
0.0016852
0.0013796
0.0010716
0.00078179
0.00052758
0.00032218
0.00017333
7.978e-05
3.0396e-05
9.1384e-06
1.9694e-06
2.3879e-07
7.1621e-09
-6.4574e-05
-0.00033379
-0.00093727
-0.0019976
-0.0036689
-0.0060711
-0.0091518
-0.012466
-0.015082
-0.016172
-0.015706
-0.014291
-0.012613
-0.011089
-0.0098118
-0.0086963
-0.0076326
-0.0065576
-0.0054543
-0.0043282
-0.0031899
-0.0020473
-0.0009052
0.00023356
0.0013666
0.0024914
0.003607
0.0047169
0.0058323
0.006968
0.0081255
0.0092659
0.010298
0.011098
0.011563
0.011645
0.01137
0.010819
0.010093
0.0092593
0.0083128
0.0071927
0.0058642
0.004387
0.0029082
0.0016067
0.00064251
0.00013055
7.1425e-08
2.2705e-06
1.7033e-05
7.0421e-05
0.00020827
0.00049028
0.00095932
0.0015764
0.0021902
0.0026375
0.0028578
0.002905
0.0028822
0.0028672
0.0028813
0.0029073
0.0029213
0.00291
0.0028716
0.0028108
0.0027344
0.0026479
0.0025553
0.0024584
0.0023577
0.0022528
0.0021435
0.0020301
0.001914
0.0017964
0.0016759
0.0015469
0.0014016
0.0012341
0.0010452
0.00084267
0.00063862
0.00044656
0.00027964
0.0001497
6.3608e-05
1.8364e-05
1.5422e-06
-1.5262e-06
-7.94e-07
-1.4727e-07
-5.2416e-09
-9.8072e-05
-0.00050075
-0.0013682
-0.0028152
-0.0049708
-0.007881
-0.011322
-0.014578
-0.016608
-0.016876
-0.015742
-0.013991
-0.012264
-0.010829
-0.0096499
-0.0085875
-0.0075359
-0.0064537
-0.0053407
-0.0042095
-0.0030715
-0.001933
-0.00079666
0.00033645
0.0014652
0.0025876
0.0037027
0.004813
0.0059287
0.007065
0.0082261
0.0093791
0.010438
0.011282
0.011802
0.011942
0.011721
0.011213
0.01051
0.0096652
0.0086605
0.0074402
0.0059994
0.0044332
0.0029064
0.0015921
0.0006332
0.00012839
8.1537e-08
2.5785e-06
1.9122e-05
7.7724e-05
0.00022448
0.00051158
0.00095801
0.001491
0.0019581
0.0022403
0.0023275
0.0022964
0.0022382
0.0022009
0.002183
0.0021621
0.0021204
0.0020528
0.0019632
0.0018593
0.0017487
0.0016373
0.001529
0.0014257
0.0013276
0.0012338
0.0011427
0.0010526
0.00096255
0.00087274
0.00078375
0.00069512
0.00060465
0.00050958
0.00040888
0.00030451
0.00020114
0.00010563
2.7085e-05
-2.4746e-05
-4.5405e-05
-4.1056e-05
-2.5551e-05
-1.1265e-05
-3.2623e-06
-4.8692e-07
-1.6081e-08
-0.00013586
-0.00068799
-0.0018445
-0.0036976
-0.0063277
-0.0096717
-0.013301
-0.016273
-0.017597
-0.017107
-0.015473
-0.013549
-0.011868
-0.010544
-0.0094469
-0.0084178
-0.00737
-0.0062841
-0.0051709
-0.0040459
-0.0029196
-0.0017959
-0.00067553
0.00044213
0.0015571
0.0026682
0.003775
0.0048799
0.0059924
0.0071265
0.008286
0.0094396
0.010504
0.011362
0.011904
0.012071
0.011879
0.011396
0.010701
0.00983
0.0087544
0.0074354
0.0059078
0.0043002
0.0027825
0.0015092
0.00059639
0.00012062
8.8522e-08
2.7869e-06
2.0461e-05
8.1902e-05
0.00023143
0.00051149
0.00091879
0.0013595
0.001694
0.0018436
0.0018325
0.0017436
0.0016493
0.0015737
0.0015041
0.0014206
0.001314
0.0011857
0.0010434
0.00089584
0.0007511
0.00061514
0.0004919
0.00038334
0.0002896
0.00020917
0.00013916
7.591e-05
1.6285e-05
-4.0755e-05
-9.3373e-05
-0.00013803
-0.00017206
-0.00019542
-0.00021035
-0.00021982
-0.00022575
-0.00022692
-0.00021766
-0.00019095
-0.00014632
-9.4057e-05
-4.8783e-05
-1.9322e-05
-5.2463e-06
-7.5456e-07
-2.4546e-08
-0.0001758
-0.00088487
-0.0023385
-0.0045931
-0.0076586
-0.011337
-0.014987
-0.017512
-0.018101
-0.016962
-0.014986
-0.013009
-0.011424
-0.010208
-0.0091741
-0.0081679
-0.0071265
-0.0060469
-0.0049462
-0.0038401
-0.002737
-0.001639
-0.00054479
0.0005475
0.001639
0.0027297
0.0038198
0.0049126
0.0060172
0.0071453
0.0082978
0.0094407
0.010492
0.011337
0.01187
0.012036
0.011848
0.01137
0.010664
0.0097484
0.0085913
0.0071843
0.0056065
0.0040104
0.002557
0.0013716
0.00053814
0.00010852
9.2588e-08
2.904e-06
2.1141e-05
8.3507e-05
0.0002314
0.00049721
0.00085862
0.00121
0.0014294
0.0014721
0.0013835
0.0012428
0.001103
0.00097189
0.00083454
0.00067814
0.00050094
0.00030931
0.0001128
-7.9036e-05
-0.0002581
-0.00041824
-0.00055538
-0.00066753
-0.00075484
-0.00081955
-0.00086594
-0.00089951
-0.00092527
-0.00094505
-0.00095579
-0.00095073
-0.00092355
-0.00087246
-0.00080134
-0.00071776
-0.00062917
-0.00053863
-0.00044324
-0.0003396
-0.00023273
-0.00013711
-6.6652e-05
-2.5214e-05
-6.6376e-06
-9.3662e-07
-3.0223e-08
-0.00021578
-0.001081
-0.002825
-0.0054569
-0.0089005
-0.012807
-0.016331
-0.018307
-0.018186
-0.016522
-0.014337
-0.012387
-0.010916
-0.0097956
-0.008812
-0.0078286
-0.0068035
-0.0057442
-0.00467
-0.0035956
-0.0025274
-0.0014657
-0.00040793
0.00064905
0.0017074
0.0027685
0.0038339
0.0049078
0.0059989
0.0071158
0.008254
0.0093745
0.010394
0.011202
0.0117
0.011839
0.011635
0.011141
0.010405
0.0094262
0.0081848
0.0067133
0.0051316
0.0036008
0.0022594
0.0011974
0.00046607
9.3691e-05
9.4683e-08
2.9609e-06
2.1409e-05
8.3637e-05
0.00022786
0.00047702
0.00079235
0.0010615
0.0011816
0.0011352
0.00097966
0.00078504
0.00058715
0.00038555
0.00016857
-6.8372e-05
-0.00032052
-0.00057811
-0.00083032
-0.0010672
-0.0012806
-0.0014642
-0.0016137
-0.0017273
-0.0018058
-0.0018522
-0.0018725
-0.0018738
-0.0018622
-0.0018397
-0.0018017
-0.001739
-0.0016431
-0.0015122
-0.001353
-0.0011773
-0.00099685
-0.00081751
-0.0006388
-0.00046226
-0.0002994
-0.00016777
-7.8312e-05
-2.8735e-05
-7.4045e-06
-1.0307e-06
-3.3062e-08
-0.00025414
-0.0012685
-0.0032849
-0.0062583
-0.010016
-0.014048
-0.017326
-0.018691
-0.017917
-0.015849
-0.013557
-0.011683
-0.010326
-0.0092882
-0.0083507
-0.007398
-0.0064035
-0.00538
-0.0043469
-0.003317
-0.0022952
-0.0012804
-0.00026908
0.00074293
0.001759
0.002782
0.0038149
0.0048631
0.0059342
0.0070329
0.0081471
0.0092315
0.010201
0.010951
0.011393
0.011486
0.011248
0.010722
0.0099356
0.0088821
0.0075667
0.0060679
0.0045337
0.0031165
0.0019224
0.0010057
0.00038808
7.7738e-05
9.6212e-08
3.0022e-06
2.1595e-05
8.3624e-05
0.00022449
0.00045822
0.00073043
0.00092482
0.00095754
0.00083352
0.00061498
0.00036035
9.2276e-05
-0.00019225
-0.00049821
-0.00082198
-0.0011533
-0.0014797
-0.0017894
-0.0020721
-0.0023195
-0.0025252
-0.0026852
-0.0027979
-0.0028648
-0.0028904
-0.0028818
-0.0028475
-0.0027939
-0.0027221
-0.002626
-0.0024949
-0.0023205
-0.0021029
-0.0018525
-0.0015854
-0.0013159
-0.0010513
-0.00079389
-0.00055175
-0.00034271
-0.00018484
-8.3607e-05
-2.9946e-05
-7.5841e-06
-1.0439e-06
-3.3319e-08
-0.00028988
-0.0014426
-0.0037081
-0.0069828
-0.01099
-0.015056
-0.017982
-0.018704
-0.017349
-0.014986
-0.012667
-0.010892
-0.0096426
-0.0086776
-0.0077886
-0.0068791
-0.0059315
-0.0049601
-0.0039825
-0.0030098
-0.0020456
-0.001088
-0.00013271
0.00082531
0.0017907
0.0027677
0.0037609
0.0047764
0.0058199
0.0068906
0.0079685
0.0090015
0.0099045
0.01058
0.01095
0.010985
0.0107
0.010127
0.0092767
0.0081489
0.0067862
0.0053078
0.0038711
0.0026045
0.0015781
0.00081413
0.00031122
6.21e-05
9.881e-08
3.0785e-06
2.2059e-05
8.4819e-05
0.0002246
0.00044623
0.00067872
0.00080382
0.00075742
0.00056248
0.00028126
-4.0383e-05
-0.00038921
-0.00076654
-0.0011692
-0.0015856
-0.0020005
-0.002399
-0.0027682
-0.0030975
-0.0033784
-0.0036049
-0.0037732
-0.0038824
-0.0039351
-0.0039368
-0.0038957
-0.0038207
-0.0037176
-0.0035861
-0.003419
-0.003206
-0.0029412
-0.0026291
-0.0022848
-0.0019275
-0.0015725
-0.0012275
-0.00089924
-0.00060311
-0.00036127
-0.00018859
-8.3042e-05
-2.9134e-05
-7.2683e-06
-9.9047e-07
-3.1474e-08
-0.00032275
-0.0016022
-0.0040928
-0.0076302
-0.011828
-0.015836
-0.018316
-0.018383
-0.016526
-0.013969
-0.011681
-0.010015
-0.0088623
-0.0079646
-0.0071311
-0.0062792
-0.0053953
-0.0044918
-0.0035838
-0.0026805
-0.0017846
-0.0008938
-3.2504e-06
0.00089276
0.0017999
0.0027239
0.0036705
0.0046455
0.0056516
0.0066819
0.0077086
0.0086743
0.0094958
0.010084
0.010376
0.010347
0.010009
0.0093783
0.0084604
0.0072753
0.0059067
0.0044998
0.0032013
0.0021069
0.0012529
0.00063683
0.00024095
4.7871e-05
1.0423e-07
3.2435e-06
2.317e-05
8.8508e-05
0.00023093
0.00044429
0.00063887
0.00069732
0.00057665
0.00031458
-3.0495e-05
-0.00042544
-0.00086319
-0.0013408
-0.0018464
-0.0023609
-0.0028641
-0.0033384
-0.0037694
-0.0041462
-0.0044604
-0.0047064
-0.004881
-0.0049843
-0.0050196
-0.0049933
-0.004914
-0.00479
-0.0046257
-0.0044198
-0.004165
-0.0038541
-0.0034866
-0.0030729
-0.002633
-0.0021877
-0.001752
-0.0013348
-0.00094836
-0.0006147
-0.00035614
-0.00018057
-7.7643e-05
-2.6744e-05
-6.5824e-06
-8.8887e-07
-2.8129e-08
-0.0003531
-0.0017492
-0.0044442
-0.0082101
-0.012542
-0.0164
-0.018342
-0.017759
-0.015491
-0.01283
-0.010615
-0.0090588
-0.0079916
-0.0071591
-0.0063894
-0.0056093
-0.0048047
-0.0039838
-0.0031585
-0.002336
-0.0015182
-0.00070273
0.00011546
0.00094252
0.001785
0.0026493
0.0035416
0.0044666
0.0054232
0.0063984
0.0073577
0.0082415
0.0089709
0.0094682
0.0096799
0.0095874
0.0091941
0.0085058
0.007532
0.0063238
0.0049989
0.0037084
0.0025737
0.0016563
0.00096588
0.00048316
0.00018073
3.5733e-05
1.1434e-07
3.5532e-06
2.5295e-05
9.5872e-05
0.0002455
0.00045322
0.00060847
0.00059962
0.00040697
7.9983e-05
-0.00033023
-0.00080289
-0.0013347
-0.0019172
-0.0025301
-0.003147
-0.0037426
-0.0042961
-0.0047916
-0.0052174
-0.0055653
-0.0058301
-0.0060093
-0.0061038
-0.0061176
-0.0060572
-0.0059307
-0.005745
-0.0055033
-0.0052039
-0.0048425
-0.0044172
-0.0039353
-0.0034146
-0.0028789
-0.0023498
-0.0018412
-0.0013649
-0.0009391
-0.00058859
-0.00033055
-0.00016321
-6.8697e-05
-2.3274e-05
-5.6581e-06
-7.5764e-07
-2.3884e-08
-0.00038177
-0.0018875
-0.0047716
-0.0087375
-0.013145
-0.016747
-0.018065
-0.016863
-0.014283
-0.0116
-0.0094883
-0.0080382
-0.0070472
-0.0062792
-0.0055811
-0.0048849
-0.0041725
-0.0034467
-0.0027152
-0.0019832
-0.001252
-0.00051908
0.00022034
0.00097248
0.0017441
0.0025419
0.0033714
0.0042351
0.0051282
0.0060322
0.006909
0.0076993
0.0083317
0.0087394
0.0088779
0.008728
0.0082851
0.0075505
0.0065495
0.0053641
0.0041306
0.002987
0.0020238
0.0012736
0.00072775
0.00035777
0.00013213
2.598e-05
1.3109e-07
4.0657e-06
2.8794e-05
0.00010791
0.00026923
0.00047076
0.00058078
0.00050065
0.00023646
-0.00015405
-0.00063001
-0.0011822
-0.0018092
-0.0024971
-0.0032181
-0.003939
-0.0046292
-0.0052644
-0.0058265
-0.0063029
-0.0066851
-0.0069681
-0.0071502
-0.0072324
-0.0072188
-0.0071154
-0.006929
-0.0066651
-0.0063264
-0.0059131
-0.0054259
-0.0048715
-0.0042662
-0.0036351
-0.0030057
-0.0023992
-0.0018305
-0.0013148
-0.00087401
-0.00052963
-0.00028867
-0.00013905
-5.7388e-05
-1.915e-05
-4.6032e-06
-6.1163e-07
-1.9212e-08
-0.00040979
-0.0020221
-0.005086
-0.0092264
-0.013644
-0.016866
-0.017486
-0.015723
-0.012944
-0.010315
-0.0083279
-0.0069776
-0.0060555
-0.0053516
-0.0047305
-0.0041263
-0.0035151
-0.0028932
-0.0022637
-0.0016295
-0.00099116
-0.00034649
0.00030895
0.00098094
0.0016758
0.0023996
0.0031567
0.0039469
0.0047618
0.0055798
0.0063616
0.007052
0.0075883
0.007914
0.00799
0.0077947
0.0073175
0.0065631
0.005577
0.0044629
0.0033568
0.0023728
0.0015726
0.00096852
0.00054202
0.00026153
9.5222e-05
1.8604e-05
1.5654e-07
4.8396e-06
3.4e-05
0.0001253
0.00030131
0.00049074
0.00054419
0.00038576
4.8972e-05
-0.00040454
-0.00094622
-0.0015765
-0.0022947
-0.0030826
-0.0039065
-0.0047277
-0.0055107
-0.006227
-0.0068559
-0.0073833
-0.0077997
-0.0081001
-0.0082824
-0.0083475
-0.0082987
-0.0081409
-0.0078796
-0.0075195
-0.0070645
-0.0065186
-0.0058901
-0.0051957
-0.0044614
-0.0037195
-0.0030004
-0.0023269
-0.0017162
-0.0011867
-0.00075839
-0.00044286
-0.00023376
-0.00010969
-4.4359e-05
-1.458e-05
-3.4673e-06
-4.575e-07
-1.4326e-08
-0.00043818
-0.0021576
-0.005396
-0.0096833
-0.014025
-0.016725
-0.016604
-0.014374
-0.011516
-0.0090087
-0.0071628
-0.0059083
-0.005051
-0.004411
-0.0038688
-0.0033594
-0.0028529
-0.0023388
-0.0018153
-0.0012828
-0.00074123
-0.00018847
0.00037914
0.0009665
0.001579
0.0022214
0.0028961
0.0036009
0.0043249
0.0050451
0.0057243
0.0063135
0.0067592
0.0070138
0.0070417
0.0068189
0.0063332
0.0055979
0.0046744
0.003673
0.0027142
0.0018861
0.0012284
0.00074269
0.00040766
0.00019306
6.9238e-05
1.3434e-05
1.9282e-07
5.9331e-06
4.1191e-05
0.00014815
0.00033832
0.00050222
0.00048195
0.0002354
-0.00017705
-0.00069513
-0.0013027
-0.0020066
-0.002806
-0.0036803
-0.004593
-0.0055024
-0.0063688
-0.00716
-0.0078518
-0.0084275
-0.008876
-0.0091911
-0.0093695
-0.0094112
-0.0093183
-0.0090943
-0.0087439
-0.0082721
-0.0076854
-0.0069939
-0.0062149
-0.0053751
-0.0045104
-0.0036596
-0.0028575
-0.0021309
-0.0015006
-0.00098512
-0.00059615
-0.00032993
-0.00016571
-7.4493e-05
-2.9122e-05
-9.3451e-06
-2.1896e-06
-2.8663e-07
-8.9499e-09
-0.00046762
-0.0022968
-0.0057047
-0.010101
-0.014253
-0.016278
-0.015421
-0.012859
-0.010044
-0.0077159
-0.0060241
-0.0048662
-0.0040745
-0.0034986
-0.0030335
-0.0026159
-0.002211
-0.0018024
-0.0013838
-0.00095279
-0.00050838
-4.8764e-05
0.00042894
0.0009285
0.0014539
0.0020085
0.0025928
0.0032029
0.0038267
0.0044421
0.005016
0.0055068
0.0058702
0.0060663
0.0060626
0.0058353
0.0053748
0.0047025
0.0038859
0.003026
0.0022206
0.0015339
0.00099244
0.00059473
0.00032265
0.00015075
5.3405e-05
1.03e-05
2.421e-07
7.4018e-06
5.0555e-05
0.00017577
0.00037337
0.00048922
0.00037242
2.4889e-05
-0.00047029
-0.001059
-0.0017346
-0.0025056
-0.0033701
-0.004308
-0.0052844
-0.0062577
-0.0071872
-0.0080376
-0.008781
-0.009397
-0.0098717
-0.010196
-0.010365
-0.010377
-0.010231
-0.0099316
-0.0094818
-0.0088887
-0.0081626
-0.0073208
-0.0063895
-0.0054052
-0.0044126
-0.0034578
-0.0025818
-0.0018177
-0.0011898
-0.00071286
-0.00038527
-0.00018551
-7.869e-05
-2.9092e-05
-9.2633e-06
-2.4748e-06
-5.0909e-07
-6.2226e-08
-1.9021e-09
-0.00049818
-0.0024392
-0.0060067
-0.010455
-0.014262
-0.015481
-0.013958
-0.011227
-0.0085708
-0.0064655
-0.0049407
-0.0038878
-0.0031681
-0.0026577
-0.0022655
-0.0019313
-0.0016184
-0.0013064
-0.0009853
-0.00065049
-0.00029976
6.8657e-05
0.00045695
0.00086776
0.0013038
0.0017666
0.0022557
0.0027657
0.003285
0.0037939
0.0042644
0.0046626
0.0049531
0.0051031
0.0050848
0.0048776
0.0044766
0.0039073
0.0032315
0.0025309
0.0018771
0.0013152
0.00086423
0.00052511
0.00028765
0.00013502
4.7871e-05
9.2284e-06
3.0653e-07
9.2953e-06
6.2143e-05
0.00020631
0.00039557
0.00043105
0.00018954
-0.0002764
-0.0008688
-0.0015419
-0.0022916
-0.0031228
-0.0040327
-0.0050043
-0.0060084
-0.0070086
-0.0079668
-0.008847
-0.0096189
-0.010258
-0.010746
-0.011071
-0.011223
-0.011198
-0.010994
-0.010614
-0.010061
-0.0093449
-0.0084808
-0.0074925
-0.0064149
-0.0052931
-0.0041798
-0.0031288
-0.0021891
-0.0014007
-0.00079087
-0.00036798
-0.00011583
4.1587e-06
4.0276e-05
3.5849e-05
2.0397e-05
8.1609e-06
2.1601e-06
2.9983e-07
9.5413e-09
-0.0005291
-0.0025804
-0.0062853
-0.010699
-0.013972
-0.014302
-0.012253
-0.00953
-0.0071289
-0.0052789
-0.0039372
-0.0030049
-0.002369
-0.0019278
-0.0016032
-0.0013409
-0.0011054
-0.0008752
-0.00063845
-0.00038898
-0.00012362
0.00015964
0.00046259
0.00078705
0.0011346
0.0015058
0.001899
0.0023088
0.0027247
0.0031302
0.0035026
0.0038158
0.0040427
0.0041578
0.0041395
0.0039733
0.003659
0.0032207
0.0027069
0.0021749
0.0016712
0.0012235
0.00084453
0.00053921
0.00030883
0.00015018
5.453e-05
1.0615e-05
3.8889e-07
1.1674e-05
7.5927e-05
0.00023644
0.00039009
0.00030302
-9.7071e-05
-0.00070644
-0.0014218
-0.0022024
-0.003038
-0.0039263
-0.0048638
-0.0058387
-0.0068306
-0.007812
-0.0087516
-0.0096171
-0.010378
-0.011008
-0.011484
-0.01179
-0.011912
-0.011843
-0.011577
-0.011116
-0.010463
-0.0096307
-0.0086382
-0.0075156
-0.0063048
-0.0050583
-0.0038359
-0.002699
-0.0017044
-0.00089907
-0.00031199
5.3957e-05
0.00022675
0.00025857
0.00021008
0.00013469
6.8336e-05
2.6246e-05
6.8756e-06
9.5548e-07
3.0485e-08
-0.00055869
-0.0027114
-0.0065137
-0.01077
-0.013299
-0.012742
-0.010367
-0.0078211
-0.0057437
-0.0041719
-0.0030327
-0.0022404
-0.0017023
-0.0013351
-0.0010737
-0.00087171
-0.00069765
-0.00053179
-0.00036242
-0.00018301
1.0014e-05
0.00021882
0.00044502
0.00068996
0.00095455
0.0012387
0.0015405
0.001855
0.0021734
0.0024826
0.0027654
0.0030025
0.0031743
0.0032632
0.0032549
0.0031417
0.0029273
0.0026316
0.0022874
0.0019283
0.0015775
0.0012448
0.00093254
0.00064577
0.00039766
0.00020486
7.7352e-05
1.5302e-05
4.9613e-07
1.4709e-05
9.2254e-05
0.00026123
0.00033819
7.6178e-05
-0.00052328
-0.0013118
-0.0021881
-0.0031076
-0.0040473
-0.0049977
-0.0059553
-0.0069144
-0.0078639
-0.0087866
-0.0096601
-0.010459
-0.011156
-0.011726
-0.012146
-0.012396
-0.01246
-0.012326
-0.011987
-0.01144
-0.010692
-0.0097528
-0.0086466
-0.0074074
-0.0060822
-0.0047289
-0.003413
-0.0022019
-0.001159
-0.00033651
0.00023441
0.00055322
0.00065368
0.00059602
0.00045123
0.00028518
0.00014629
5.737e-05
1.5348e-05
2.1665e-06
6.9622e-08
-0.0005849
-0.0028215
-0.0066601
-0.010593
-0.012185
-0.010845
-0.0083771
-0.0061488
-0.0044361
-0.0031594
-0.0022405
-0.0016046
-0.0011753
-0.00088583
-0.00068435
-0.00053335
-0.00040737
-0.00029005
-0.00017144
-4.5755e-05
9.0286e-05
0.00023868
0.00040079
0.00057761
0.00076966
0.00097661
0.0011966
0.0014257
0.001657
0.0018806
0.0020846
0.0022554
0.0023803
0.0024488
0.002454
0.0023947
0.002278
0.0021194
0.0019387
0.0017503
0.0015576
0.0013516
0.0011176
0.00084959
0.0005667
0.00031027
0.00012188
2.4494e-05
6.4863e-07
1.8932e-05
0.00011292
0.00027353
0.00021513
-0.00028566
-0.0011327
-0.002146
-0.0032277
-0.00432
-0.0053871
-0.0064156
-0.0074037
-0.0083514
-0.009255
-0.010106
-0.010889
-0.011586
-0.012175
-0.012635
-0.012944
-0.013084
-0.013039
-0.012796
-0.012348
-0.011692
-0.010833
-0.0097824
-0.0085662
-0.0072206
-0.0057953
-0.0043511
-0.0029565
-0.0016822
-0.00059517
0.00024966
0.000819
0.0011108
0.0011578
0.001021
0.00077717
0.00050428
0.00026839
0.00010937
3.0219e-05
4.359e-06
1.4136e-07
-0.00060643
-0.0029033
-0.0066971
-0.010089
-0.010614
-0.0086992
-0.0063783
-0.0045642
-0.0032336
-0.0022601
-0.0015694
-0.0010954
-0.00077756
-0.00056523
-0.00041961
-0.00031267
-0.00022534
-0.00014527
-6.4856e-05
2.038e-05
0.00011303
0.00021464
0.0003262
0.00044835
0.0005813
0.00072459
0.00087666
0.0010344
0.0011929
0.0013453
0.0014836
0.0015995
0.0016857
0.0017377
0.0017547
0.0017411
0.0017067
0.001665
0.0016273
0.0015962
0.0015614
0.0014976
0.0013677
0.0011397
0.00082125
0.00047618
0.00019383
3.9485e-05
8.9356e-07
2.5559e-05
0.0001418
0.00025944
-1.8134e-05
-0.00083254
-0.001977
-0.0032605
-0.0045844
-0.0058758
-0.0070939
-0.0082262
-0.0092736
-0.010241
-0.011129
-0.011935
-0.012648
-0.013253
-0.013734
-0.014071
-0.014247
-0.014245
-0.014051
-0.013655
-0.013053
-0.012244
-0.011235
-0.010043
-0.0086932
-0.0072263
-0.005693
-0.0041551
-0.0026809
-0.0013405
-0.00019917
0.00068974
0.0012934
0.0016063
0.0016527
0.0014834
0.0011701
0.00079656
0.00044793
0.00019268
5.5641e-05
8.2541e-06
2.7057e-07
-0.00062349
-0.0029556
-0.0066038
-0.0091778
-0.008628
-0.0064408
-0.0044831
-0.0031302
-0.002177
-0.001498
-0.0010245
-0.00070228
-0.00048756
-0.00034528
-0.00024891
-0.00017933
-0.00012347
-7.2807e-05
-2.2054e-05
3.1955e-05
9.1063e-05
0.00015636
0.00022851
0.00030786
0.00039442
0.00048771
0.00058646
0.00068842
0.00079018
0.00088734
0.00097496
0.0010485
0.0011048
0.0011435
0.0011679
0.0011858
0.0012089
0.0012503
0.0013191
0.0014151
0.0015232
0.0016096
0.001617
0.0014743
0.0011481
0.00070532
0.00029717
6.1288e-05
1.3209e-06
3.6732e-05
0.00018099
0.00018329
-0.00043216
-0.0016338
-0.0031094
-0.0046867
-0.0062631
-0.0077619
-0.0091469
-0.010409
-0.011552
-0.012585
-0.013511
-0.014329
-0.015032
-0.015606
-0.016036
-0.016303
-0.016391
-0.016283
-0.015968
-0.015437
-0.014688
-0.013725
-0.012559
-0.011212
-0.0097144
-0.0081102
-0.0064528
-0.0048041
-0.0032298
-0.0017943
-0.00055505
0.00044355
0.0011744
0.0016299
0.0018193
0.0017664
0.0015117
0.0011205
0.00068735
0.00032118
9.9175e-05
1.5321e-05
5.0907e-07
-0.00063695
-0.0029782
-0.0063404
-0.0077883
-0.0063485
-0.0042615
-0.0028223
-0.0019233
-0.0013154
-0.00089564
-0.00060698
-0.00041179
-0.00028229
-0.00019713
-0.00014025
-0.0001
-6.8393e-05
-4.0125e-05
-1.1886e-05
1.8348e-05
5.1776e-05
8.9124e-05
0.00013083
0.0001771
0.00022792
0.00028292
0.00034123
0.00040134
0.00046113
0.00051793
0.00056899
0.00061214
0.00064662
0.00067406
0.00069923
0.00073051
0.0007794
0.00085869
0.00097944
0.0011472
0.0013564
0.0015802
0.0017532
0.0017639
0.0015029
0.00098934
0.00043371
9.06e-05
2.1572e-06
5.7198e-05
0.00021623
-4.4737e-05
-0.0011467
-0.0027699
-0.0045678
-0.006417
-0.0082176
-0.0099069
-0.011456
-0.01286
-0.014125
-0.01526
-0.016272
-0.017162
-0.017923
-0.018544
-0.019009
-0.019299
-0.019398
-0.019289
-0.018958
-0.018397
-0.017603
-0.016581
-0.015344
-0.013917
-0.012334
-0.010641
-0.0088937
-0.0071518
-0.0054753
-0.0039185
-0.0025246
-0.0013226
-0.00032771
0.00045455
0.0010199
0.0013585
0.0014546
0.0013026
0.0009457
0.00051287
0.00017875
2.9753e-05
1.0097e-06
-0.00064915
-0.0029697
-0.0057915
-0.005903
-0.0040085
-0.0023996
-0.001523
-0.0010135
-0.00068521
-0.00046412
-0.00031332
-0.00021145
-0.00014401
-9.9976e-05
-7.1051e-05
-5.1129e-05
-3.5984e-05
-2.2778e-05
-9.7176e-06
4.3194e-06
2.0014e-05
3.7797e-05
5.7939e-05
8.0597e-05
0.00010578
0.00013332
0.00016275
0.00019327
0.00022372
0.00025271
0.00027887
0.00030129
0.00032006
0.0003369
0.00035571
0.00038286
0.00042717
0.00049928
0.00061097
0.00077466
0.001002
0.0012957
0.0016211
0.0018563
0.0017936
0.0013095
0.00060979
0.00012953
4.132e-06
0.00010032
0.00017782
-0.00061616
-0.0023155
-0.0043022
-0.0063547
-0.0083998
-0.010362
-0.012198
-0.013884
-0.015416
-0.0168
-0.018046
-0.019163
-0.020151
-0.021008
-0.021724
-0.022286
-0.022676
-0.022877
-0.022873
-0.022649
-0.022195
-0.021504
-0.02058
-0.019433
-0.018083
-0.016563
-0.014917
-0.013195
-0.011451
-0.0097358
-0.0080902
-0.0065417
-0.005102
-0.003771
-0.0025459
-0.0014324
-0.00045643
0.00032907
0.00084137
0.00098665
0.00074894
0.00033598
6.6199e-05
2.3555e-06
-0.00066776
-0.0029319
-0.0047291
-0.0036638
-0.0019793
-0.0010707
-0.00065729
-0.00042852
-0.00028825
-0.00019496
-0.00013149
-8.846e-05
-5.9966e-05
-4.1461e-05
-2.9514e-05
-2.1541e-05
-1.5739e-05
-1.0882e-05
-6.1873e-06
-1.1589e-06
4.5113e-06
1.1026e-05
1.852e-05
2.7087e-05
3.6759e-05
4.7493e-05
5.9124e-05
7.1335e-05
8.3651e-05
9.549e-05
0.00010628
0.00011567
0.00012379
0.00013155
0.00014095
0.00015534
0.00017954
0.00021996
0.00028509
0.00038679
0.00054275
0.00077847
0.0011195
0.0015402
0.0018318
0.0016148
0.00085214
0.00018699
8.6941e-06
0.00016805
-0.00017143
-0.0018306
-0.004034
-0.0062351
-0.0084228
-0.010555
-0.012595
-0.01451
-0.01628
-0.017898
-0.01937
-0.020703
-0.021904
-0.022978
-0.023922
-0.024731
-0.025394
-0.025898
-0.02623
-0.026374
-0.026317
-0.02605
-0.025563
-0.024857
-0.023935
-0.022812
-0.021511
-0.020066
-0.018516
-0.016903
-0.015267
-0.013636
-0.012028
-0.010442
-0.0088665
-0.0072878
-0.0056988
-0.0041113
-0.002566
-0.0011469
-5.3243e-06
0.00062304
0.00056517
0.00016967
6.9431e-06
-0.00068332
-0.0027318
-0.0029756
-0.0015532
-0.00065612
-0.00033631
-0.00020018
-0.00012874
-8.6381e-05
-5.8417e-05
-3.9387e-05
-2.6416e-05
-1.7811e-05
-1.2241e-05
-8.6954e-06
-6.3994e-06
-4.806e-06
-3.5404e-06
-2.3619e-06
-1.1167e-06
2.9132e-07
1.9265e-06
3.8339e-06
6.0471e-06
8.5855e-06
1.1448e-05
1.4599e-05
1.796e-05
2.1401e-05
2.4757e-05
2.7855e-05
3.0582e-05
3.2959e-05
3.5243e-05
3.803e-05
4.2359e-05
4.9821e-05
6.2733e-05
8.4542e-05
0.00012084
0.0001816
0.00028573
0.00046903
0.00079103
0.0012852
0.0016515
0.0011818
0.00028468
2.6974e-05
7.337e-05
-0.0013726
-0.0038462
-0.0062099
-0.0084617
-0.010649
-0.012763
-0.014787
-0.016699
-0.018481
-0.020125
-0.021633
-0.023008
-0.024255
-0.025377
-0.026372
-0.027237
-0.027965
-0.028547
-0.028974
-0.029237
-0.029325
-0.029232
-0.02895
-0.028476
-0.027813
-0.026966
-0.025949
-0.024783
-0.023491
-0.022102
-0.020642
-0.019132
-0.017582
-0.015993
-0.014355
-0.012653
-0.010871
-0.0089994
-0.0070404
-0.0050153
-0.0029896
-0.0011338
0.00015528
0.00035643
2.7927e-05
-0.00072519
-0.0018602
-0.00099914
-0.0003065
-0.00011241
-5.6447e-05
-3.2685e-05
-2.077e-05
-1.3872e-05
-9.3677e-06
-6.3079e-06
-4.2166e-06
-2.8262e-06
-1.9277e-06
-1.3611e-06
-1.0023e-06
-7.6301e-07
-5.8248e-07
-4.215e-07
-2.5503e-07
-6.7427e-08
1.5177e-07
4.1004e-07
7.1316e-07
1.0652e-06
1.4673e-06
1.9162e-06
2.4018e-06
2.9064e-06
3.4054e-06
3.8721e-06
4.2862e-06
4.6457e-06
4.9821e-06
5.3766e-06
5.9781e-06
7.0252e-06
8.8806e-06
1.2113e-05
1.7714e-05
2.7648e-05
4.6271e-05
8.4151e-05
0.00016886
0.00037516
0.0008524
0.0012904
0.00046795
0.00012416
-0.0009662
-0.0037019
-0.006214
-0.0084768
-0.010644
-0.012735
-0.014752
-0.016688
-0.018527
-0.020259
-0.021874
-0.023371
-0.024748
-0.026004
-0.027138
-0.028149
-0.029032
-0.029783
-0.030398
-0.03087
-0.031194
-0.031366
-0.031381
-0.031236
-0.030928
-0.03046
-0.029833
-0.029053
-0.02813
-0.027077
-0.025906
-0.024632
-0.023268
-0.021822
-0.020298
-0.018695
-0.01701
-0.015236
-0.01337
-0.011405
-0.0093329
-0.0071429
-0.0048265
-0.0024362
-0.00038159
0.00014573
-0.00073533
-0.00032378
-4.5188e-05
-1.1478e-05
-4.1531e-06
-2.0431e-06
-1.1595e-06
-7.2835e-07
-4.8369e-07
-3.258e-07
-2.1902e-07
-1.4607e-07
-9.7536e-08
-6.6197e-08
-4.6514e-08
-3.4175e-08
-2.611e-08
-2.0195e-08
-1.5063e-08
-9.8369e-09
-3.9732e-09
2.8908e-09
1.1014e-08
2.06e-08
3.18e-08
4.4678e-08
5.9155e-08
7.4934e-08
9.1458e-08
1.0793e-07
1.2345e-07
1.3728e-07
1.4925e-07
1.6023e-07
1.7267e-07
1.9123e-07
2.2348e-07
2.8106e-07
3.8238e-07
5.5962e-07
8.7726e-07
1.4815e-06
2.7404e-06
5.6968e-06
1.4053e-05
5.0736e-05
0.00030967
0.00067105
-0.00073533
-0.0034033
-0.0057578
-0.0079538
-0.010059
-0.012105
-0.014089
-0.016008
-0.017853
-0.019616
-0.021289
-0.022864
-0.024336
-0.025698
-0.026948
-0.028079
-0.029089
-0.029973
-0.030727
-0.031348
-0.031832
-0.032176
-0.032379
-0.032439
-0.032355
-0.032126
-0.031754
-0.03124
-0.030587
-0.029799
-0.028881
-0.027838
-0.026678
-0.025407
-0.024031
-0.022555
-0.020984
-0.019324
-0.017577
-0.01575
-0.013847
-0.011871
-0.0098265
-0.0077122
-0.0055223
-0.0031906
-0.00067105
