6.9742e-09
1.0953e-07
-2.0026e-07
-2.5433e-06
-8.7423e-06
-2.0135e-05
-3.7474e-05
-5.9652e-05
-7.9442e-05
-7.833e-05
-3.2443e-05
6.1548e-05
0.00017351
0.00026136
0.00029801
0.00028088
0.00022606
0.00015677
9.2804e-05
4.4731e-05
1.4049e-05
-2.8759e-06
-1.0812e-05
-1.3272e-05
-1.2146e-05
-8.7944e-06
-4.8529e-06
-1.8286e-06
-3.3448e-07
2.0545e-08
4.7005e-09
-6.9742e-09
-1.6071e-08
2.4768e-08
8.503e-08
1.3386e-07
1.6555e-07
1.8432e-07
1.8112e-07
1.1949e-07
-5.127e-08
-3.2196e-07
-5.5015e-07
-5.8591e-07
-4.2222e-07
-1.603e-07
8.9415e-08
2.5871e-07
3.273e-07
3.1164e-07
2.4807e-07
1.7284e-07
1.0872e-07
6.3037e-08
3.1046e-08
2.6976e-09
-2.6777e-08
-5.1778e-08
-6.2052e-08
-5.1767e-08
-2.4892e-08
1.8799e-09
4.7005e-09
1.6129e-08
1.3042e-07
-1.9228e-06
-1.3463e-05
-4.3241e-05
-9.7697e-05
-0.00017983
-0.00028292
-0.00037113
-0.00035755
-0.00013397
0.00031204
0.00084176
0.001262
0.0014455
0.0013747
0.0011201
0.00078914
0.00047746
0.00023887
8.3686e-05
-3.8065e-06
-4.6083e-05
-6.0331e-05
-5.6275e-05
-4.1068e-05
-2.2868e-05
-8.8863e-06
-1.93e-06
-1.092e-07
1.8802e-09
-1.0988e-07
-1.303e-07
9.0841e-07
2.5957e-06
4.0526e-06
5.0133e-06
5.5384e-06
5.3326e-06
3.3284e-06
-1.8874e-06
-9.9224e-06
-1.6601e-05
-1.7641e-05
-1.2855e-05
-5.1136e-06
2.4057e-06
7.6572e-06
9.9384e-06
9.6402e-06
7.8026e-06
5.5263e-06
3.536e-06
2.0869e-06
1.0549e-06
1.497e-07
-7.6381e-07
-1.5179e-06
-1.8167e-06
-1.5112e-06
-7.6687e-07
-1.092e-07
2.0547e-08
-2.5706e-08
-9.3557e-07
-8.4335e-06
-3.7618e-05
-0.0001081
-0.00023454
-0.00042041
-0.00064204
-0.00080873
-0.00072717
-0.00017978
0.00083996
0.0020388
0.003017
0.0034927
0.0033972
0.0028525
0.0020859
0.0013245
0.00071455
0.00030005
5.4959e-05
-7.0959e-05
-0.00012022
-0.00011965
-8.9652e-05
-5.1139e-05
-2.1069e-05
-5.5981e-06
-7.6405e-07
-2.4739e-08
2.135e-07
1.9853e-06
8.3931e-06
1.836e-05
2.7643e-05
3.3917e-05
3.6722e-05
3.3696e-05
1.8111e-05
-1.7881e-05
-6.9918e-05
-0.00011154
-0.00011774
-8.788e-05
-3.852e-05
1.1517e-05
4.8883e-05
6.7522e-05
6.8343e-05
5.7358e-05
4.2023e-05
2.7804e-05
1.6971e-05
9.0151e-06
2.1753e-06
-4.3608e-06
-9.5142e-06
-1.1517e-05
-9.7377e-06
-5.6023e-06
-1.9238e-06
-3.3224e-07
-9.1615e-08
-2.7623e-06
-1.9046e-05
-7.1505e-05
-0.00018845
-0.00039006
-0.00067212
-0.0009769
-0.0011415
-0.00087459
9.5098e-05
0.0017172
0.0035763
0.0051439
0.0060176
0.0060353
0.0052908
0.0040759
0.0027562
0.0016204
0.00079842
0.0002815
-3.6754e-06
-0.00013252
-0.00015979
-0.0001281
-7.6338e-05
-3.3317e-05
-9.7718e-06
-1.5126e-06
-5.1681e-08
2.7373e-06
1.4236e-05
3.8365e-05
7.0602e-05
0.00010065
0.00012053
0.00012575
0.00010625
4.043e-05
-9.1763e-05
-0.00026648
-0.00039675
-0.00041245
-0.0003162
-0.00015531
1.6655e-05
0.00015725
0.00024027
0.00025963
0.00022983
0.00017643
0.00012184
7.7477e-05
4.3667e-05
1.5243e-05
-1.0359e-05
-2.9755e-05
-3.7762e-05
-3.3272e-05
-2.1133e-05
-8.8853e-06
-1.8233e-06
-1.4408e-07
-4.2892e-06
-2.8401e-05
-0.00010085
-0.00025241
-0.00049847
-0.00081293
-0.0010886
-0.0010907
-0.00047525
0.00098179
0.003107
0.0054197
0.0073918
0.0086153
0.0088698
0.0081482
0.0066704
0.0048429
0.0031028
0.0017335
0.00080701
0.00025643
-2.4457e-05
-0.00012774
-0.00012697
-8.3025e-05
-3.855e-05
-1.1844e-05
-1.8735e-06
-6.401e-08
9.4098e-06
4.5717e-05
0.00011018
0.0001861
0.00025215
0.0002903
0.0002849
0.00020832
1.4843e-05
-0.00032365
-0.00072415
-0.00099032
-0.0010005
-0.00077866
-0.0004196
-2.2426e-05
0.00033136
0.00057848
0.00068141
0.00064751
0.00052786
0.0003839
0.00025575
0.00015343
6.8828e-05
-3.5651e-06
-5.72e-05
-8.2055e-05
-7.684e-05
-5.1911e-05
-2.3239e-05
-4.9285e-06
-1.5485e-07
-4.626e-06
-3.0603e-05
-0.00010707
-0.0002597
-0.00048705
-0.00072788
-0.00081998
-0.00047096
0.00066462
0.0026653
0.0051911
0.0077325
0.0098348
0.01118
0.011589
0.011013
0.0095409
0.0074486
0.0051908
0.0032128
0.0017493
0.00080697
0.00027451
2.2423e-05
-5.9361e-05
-5.7277e-05
-3.085e-05
-1.0185e-05
-1.6628e-06
-5.7336e-08
2.0286e-05
9.6962e-05
0.0002259
0.00036716
0.00047829
0.00052311
0.00046556
0.00025074
-0.00019466
-0.00088234
-0.0015937
-0.0019876
-0.0019259
-0.001491
-0.00084279
-0.00012809
0.00053995
0.0010683
0.0013755
0.00142
0.0012463
0.00096496
0.00067832
0.00043359
0.0002312
6.3975e-05
-5.927e-05
-0.00012402
-0.00012916
-9.2404e-05
-4.2841e-05
-9.2135e-06
-1.1648e-07
-3.5108e-06
-2.3473e-05
-8.185e-05
-0.00019187
-0.00032842
-0.00039019
-0.00015953
0.00071136
0.0025132
0.005082
0.007914
0.010514
0.012536
0.013779
0.014149
0.013628
0.012258
0.01017
0.0076623
0.00519
0.0031523
0.0017124
0.00081826
0.00032753
9.6876e-05
1.2277e-05
-5.8547e-06
-3.7813e-06
-7.699e-07
-2.8594e-08
3.2317e-05
0.00015401
0.00035573
0.00056847
0.00071687
0.00073267
0.00054679
6.7162e-05
-0.00080671
-0.0019967
-0.0030269
-0.0034416
-0.0031711
-0.0024015
-0.0013687
-0.00026125
0.00078881
0.0016767
0.0022994
0.0025582
0.0024301
0.0020243
0.0015161
0.0010347
0.00062465
0.00028996
4.1355e-05
-0.00010508
-0.00015004
-0.00011964
-5.8332e-05
-1.2767e-05
-5.6261e-08
-1.7106e-06
-1.1457e-05
-3.8406e-05
-7.7568e-05
-7.623e-05
0.00011273
0.00078256
0.0023456
0.0048922
0.007936
0.010881
0.013331
0.015095
0.016106
0.016346
0.015814
0.014533
0.012568
0.010075
0.0073754
0.0048962
0.0029512
0.00162
0.00080602
0.00035659
0.00013491
4.0737e-05
8.6857e-06
1.0155e-06
2.9486e-08
4.1576e-05
0.00019818
0.0004565
0.00071946
0.00087033
0.00079139
0.00035842
-0.00058205
-0.0021346
-0.0039101
-0.0050982
-0.005296
-0.0046205
-0.0033916
-0.0019064
-0.00036795
0.0010957
0.0023838
0.0033872
0.0039757
0.004044
0.0036261
0.0029141
0.0021318
0.0014178
0.00082436
0.00037459
8.2522e-05
-5.9362e-05
-8.5045e-05
-4.9145e-05
-1.132e-05
-1.5181e-08
-4.2192e-07
-2.0251e-06
-4.972e-07
3.2877e-05
0.00019142
0.00069827
0.0019754
0.0043832
0.0075621
0.010765
0.013463
0.015462
0.016772
0.017461
0.017568
0.017087
0.015988
0.014266
0.011981
0.0093291
0.0066624
0.0043516
0.0026071
0.0014338
0.00071548
0.00031286
0.00011158
2.8428e-05
3.9278e-06
1.2553e-07
4.7259e-05
0.00022448
0.00051039
0.00077686
0.00085627
0.000559
-0.00033521
-0.0020802
-0.0045572
-0.0067165
-0.0076514
-0.0072884
-0.0060153
-0.0042648
-0.0023419
-0.0004149
0.0014263
0.0031087
0.004526
0.0055262
0.0059351
0.0056771
0.0048853
0.0038321
0.0027669
0.001836
0.0011049
0.00058871
0.00026433
9.0419e-05
1.9865e-05
2.5746e-06
-3.9134e-09
3.0973e-08
2.7097e-06
2.5606e-05
0.00013163
0.00048683
0.0014522
0.0035536
0.0067058
0.01006
0.012871
0.014868
0.016133
0.016862
0.017207
0.017224
0.016888
0.016118
0.014821
0.01296
0.010617
0.0080487
0.0056106
0.0035938
0.0021133
0.0011285
0.00052846
0.00020145
5.4456e-05
7.8738e-06
2.5727e-07
5.1376e-05
0.00024056
0.00052377
0.00072147
0.00058938
-0.00017431
-0.0019445
-0.0049588
-0.0081912
-0.010071
-0.010173
-0.008947
-0.0070134
-0.0048169
-0.002585
-0.00040218
0.0017044
0.0037058
0.0055193
0.00698
0.0078531
0.007943
0.0072686
0.006083
0.0047176
0.0034324
0.0023707
0.0015621
0.00095598
0.00050194
0.00019312
3.8493e-05
9.8428e-09
6.0327e-07
9.0186e-06
6.2418e-05
0.00027846
0.00093988
0.0025811
0.0054615
0.0087893
0.011592
0.013449
0.014467
0.014965
0.015206
0.015318
0.015321
0.015166
0.014764
0.013984
0.012702
0.010888
0.0086861
0.0063931
0.0043249
0.0026794
0.0015016
0.00073492
0.0002913
8.1291e-05
1.2023e-05
3.9693e-07
5.2946e-05
0.00023973
0.00046846
0.00046878
-0.0001314
-0.0018049
-0.0050807
-0.0093769
-0.012411
-0.013104
-0.011944
-0.0098331
-0.0074219
-0.0050045
-0.0026567
-0.00037221
0.0018691
0.0040732
0.0061976
0.0080981
0.0095031
0.0101
0.0097591
0.0086513
0.0071359
0.0055718
0.0041974
0.0030684
0.0020944
0.0012124
0.00050166
0.00010326
6.5515e-08
2.4881e-06
2.5e-05
0.0001391
0.00054462
0.0016699
0.0040241
0.0071039
0.0097849
0.011458
0.012217
0.012474
0.012569
0.012644
0.012706
0.012724
0.012664
0.01248
0.012082
0.011325
0.010091
0.0084051
0.0064712
0.0045761
0.0029541
0.0017159
0.00086454
0.00035003
9.9043e-05
1.4769e-05
4.8936e-07
4.4088e-05
0.00018235
0.00023856
-0.00019653
-0.0016844
-0.0048968
-0.010002
-0.014428
-0.015945
-0.014895
-0.012582
-0.009976
-0.0074494
-0.0050334
-0.0026788
-0.00035366
0.0019573
0.0042674
0.0065781
0.0088095
0.010709
0.011879
0.01203
0.011204
0.0097327
0.0080353
0.0064352
0.0050101
0.0036158
0.0021826
0.00092801
0.00019315
1.8026e-07
6.2128e-06
5.4236e-05
0.00026718
0.00094387
0.0026056
0.0052157
0.0076882
0.0092205
0.0098338
0.009996
0.010087
0.010213
0.010334
0.010392
0.010362
0.010249
0.010065
0.0097923
0.0093336
0.0085429
0.0073518
0.005859
0.0042839
0.0028484
0.0016927
0.00086405
0.0003505
9.8585e-05
1.4597e-05
4.8208e-07
1.1895e-05
4.6175e-06
-0.00032763
-0.0015711
-0.0044929
-0.0097822
-0.015701
-0.018502
-0.017799
-0.015315
-0.012515
-0.0099175
-0.0074816
-0.0050868
-0.0026891
-0.00029419
0.0020852
0.0044532
0.0068405
0.0092494
0.011507
0.013191
0.013876
0.013455
0.012185
0.010506
0.0087928
0.007122
0.0052864
0.0032426
0.0013905
0.00029037
3.5944e-07
1.188e-05
9.6441e-05
0.00043845
0.001415
0.00336
0.0055401
0.0070114
0.0076219
0.0077992
0.0079335
0.0081151
0.0082792
0.0083665
0.0083567
0.0082507
0.0080606
0.0078118
0.0075279
0.0071762
0.0066449
0.005831
0.0047523
0.0035491
0.0023987
0.0014351
0.00072634
0.00028725
7.8069e-05
1.1231e-05
3.6612e-07
-5.8912e-05
-0.00036633
-0.0013982
-0.0039076
-0.0087346
-0.015663
-0.020381
-0.020638
-0.018171
-0.015128
-0.0124
-0.0099416
-0.0075346
-0.0050945
-0.0026279
-0.00016205
0.002281
0.0046938
0.0071073
0.0095801
0.012039
0.014099
0.015247
0.015239
0.014243
0.012681
0.010941
0.0090578
0.0067784
0.004151
0.0017742
0.00037003
5.7647e-07
1.8572e-05
0.00014343
0.00061011
0.001791
0.0035449
0.0049871
0.0056961
0.0059079
0.0060055
0.0061405
0.0062733
0.0063439
0.0063338
0.0062496
0.0061001
0.0058905
0.0056317
0.0053467
0.00504
0.004655
0.0041073
0.0033771
0.0025391
0.0017135
0.001006
0.00048516
0.00017671
4.3445e-05
5.7353e-06
1.7942e-07
-0.00017777
-0.00097092
-0.0030349
-0.0071798
-0.01394
-0.020836
-0.023127
-0.021226
-0.01789
-0.014835
-0.012284
-0.0098998
-0.0074771
-0.0049953
-0.0024893
1.2756e-05
0.002493
0.0049388
0.0073687
0.0098587
0.012408
0.014694
0.016171
0.016497
0.015756
0.014338
0.012598
0.010497
0.0077899
0.0046992
0.0019852
0.00041219
7.8827e-07
2.4861e-05
0.00018355
0.00072836
0.0018954
0.003217
0.0040575
0.0043279
0.0043346
0.0043506
0.0044081
0.0044295
0.0043738
0.004251
0.0040861
0.0038963
0.0036865
0.0034565
0.0032119
0.00296
0.0026838
0.0023389
0.0019023
0.0014038
0.00090863
0.00048492
0.00019019
4.5015e-05
3.9913e-06
-3.0192e-07
-2.2484e-08
-0.00034233
-0.0017883
-0.0051249
-0.010983
-0.018954
-0.024375
-0.024254
-0.020919
-0.017284
-0.014441
-0.012071
-0.0097224
-0.0072758
-0.0047762
-0.0022708
0.00022248
0.002697
0.0051445
0.0075772
0.010068
0.012646
0.015033
0.016687
0.017217
0.016655
0.015346
0.013571
0.011216
0.0081356
0.0047848
0.0019858
0.00040952
9.4236e-07
2.9217e-05
0.00020746
0.00077027
0.0017698
0.0026786
0.0030777
0.0030491
0.0029185
0.0028381
0.0027483
0.0025868
0.0023617
0.0021111
0.001867
0.0016455
0.0014491
0.0012701
0.0010971
0.00092726
0.00076445
0.00060313
0.00043152
0.00025019
7.6401e-05
-5.7319e-05
-0.00011063
-8.238e-05
-3.1795e-05
-5.5185e-06
-1.9333e-07
-0.00053544
-0.0027291
-0.0074111
-0.01476
-0.022911
-0.026321
-0.024187
-0.02002
-0.016481
-0.013923
-0.011668
-0.0093278
-0.0068904
-0.0044298
-0.001982
0.00045083
0.0028725
0.0052817
0.0076928
0.010171
0.012735
0.015124
0.016813
0.017409
0.01692
0.015645
0.01376
0.011117
0.0077844
0.0044294
0.001798
0.00036759
1.0123e-06
3.0993e-05
0.00021338
0.00074811
0.001549
0.0021084
0.0021766
0.0019388
0.0016548
0.001379
0.0010598
0.00068724
0.00029482
-7.5592e-05
-0.00039186
-0.00063687
-0.0008094
-0.00092417
-0.0010064
-0.0010691
-0.0010954
-0.0010623
-0.00097221
-0.00084888
-0.00071397
-0.00056272
-0.00037626
-0.00018512
-5.8032e-05
-9.0798e-06
-3.0625e-07
-0.0007319
-0.0036717
-0.0096046
-0.018059
-0.0256
-0.0269
-0.023244
-0.018735
-0.015456
-0.013139
-0.010983
-0.0087015
-0.0063416
-0.0039805
-0.0016428
0.00068046
0.0030023
0.0053318
0.007691
0.010132
0.012642
0.014946
0.016546
0.017082
0.016567
0.015235
0.013155
0.010242
0.0068544
0.0037529
0.0014849
0.00030049
1.0348e-06
3.1392e-05
0.00021101
0.00070376
0.001321
0.0015952
0.001401
0.000955
0.00046044
-6.2088e-05
-0.00063605
-0.0012349
-0.0018058
-0.0023008
-0.0026867
-0.0029473
-0.0030855
-0.003125
-0.0031008
-0.0030288
-0.0028814
-0.002622
-0.0022561
-0.0018331
-0.0014031
-0.00097951
-0.0005724
-0.00024957
-7.1858e-05
-1.0692e-05
-3.5344e-07
-0.00091384
-0.0045336
-0.011533
-0.020685
-0.027069
-0.026371
-0.021646
-0.017094
-0.014134
-0.012045
-0.010016
-0.007858
-0.0056448
-0.0034447
-0.0012708
0.00089404
0.0030717
0.0052826
0.0075558
0.0099232
0.012323
0.014459
0.015872
0.016258
0.015638
0.014166
0.011845
0.0087729
0.0055729
0.0029254
0.0011249
0.00022497
1.0635e-06
3.2069e-05
0.00021182
0.00067263
0.0011302
0.0011589
0.00072906
6.8526e-05
-0.00068098
-0.0015064
-0.0023752
-0.0032182
-0.0039711
-0.0045868
-0.0050339
-0.0052991
-0.005391
-0.0053404
-0.0051851
-0.0049355
-0.0045588
-0.0040241
-0.0033587
-0.0026387
-0.0019299
-0.001259
-0.00067436
-0.00027073
-7.3434e-05
-1.0531e-05
-3.4272e-07
-0.0010746
-0.0052872
-0.013159
-0.022624
-0.027436
-0.024933
-0.019531
-0.01514
-0.012498
-0.010621
-0.0087761
-0.0068262
-0.004834
-0.0028532
-0.00089131
0.0010729
0.0030683
0.0051246
0.0072709
0.0095099
0.011731
0.013626
0.014788
0.014976
0.014204
0.012543
0.010022
0.0069986
0.0042069
0.0021119
0.00078675
0.00015521
1.1644e-06
3.4954e-05
0.00022706
0.00067298
0.0009834
0.00078556
0.00013245
-0.00076588
-0.0018132
-0.0029714
-0.004155
-0.0052615
-0.0062103
-0.0069503
-0.0074533
-0.0077115
-0.0077392
-0.0075691
-0.0072334
-0.0067363
-0.0060544
-0.005187
-0.0041993
-0.0031907
-0.0022308
-0.0013632
-0.00067503
-0.00025315
-6.5427e-05
-9.0978e-06
-2.9211e-07
-0.0012188
-0.005956
-0.01454
-0.023907
-0.026801
-0.022758
-0.017031
-0.012919
-0.010572
-0.0089193
-0.0073201
-0.0056488
-0.0039415
-0.0022332
-0.0005261
0.0012015
0.002981
0.0048441
0.0068104
0.0088515
0.010822
0.012425
0.013316
0.013306
0.012377
0.010551
0.007982
0.0052441
0.0029837
0.0014295
0.00051383
9.9741e-05
1.4157e-06
4.2207e-05
0.00026742
0.00070704
0.00086033
0.00043342
-0.0004411
-0.0015842
-0.002945
-0.0044552
-0.0059722
-0.0073567
-0.0085123
-0.0093816
-0.009937
-0.010173
-0.010106
-0.0097639
-0.0091709
-0.0083358
-0.0072662
-0.0060139
-0.0046905
-0.0034135
-0.0022557
-0.0012815
-0.00058834
-0.000208
-5.1598e-05
-6.9868e-06
-2.2167e-07
-0.001359
-0.0065966
-0.015777
-0.024501
-0.02523
-0.020006
-0.01429
-0.010539
-0.0084567
-0.0070342
-0.005726
-0.004386
-0.0030097
-0.0016128
-0.00019347
0.0012673
0.0027975
0.0044226
0.0061476
0.0079203
0.0095851
0.010877
0.01152
0.011351
0.010318
0.0084521
0.006057
0.0037689
0.0020387
0.00093111
0.00032136
6.1164e-05
1.8788e-06
5.5362e-05
0.00033714
0.00075146
0.00070507
3.0389e-05
-0.0010619
-0.0024448
-0.0041037
-0.0059413
-0.0077759
-0.0094345
-0.010797
-0.011794
-0.012392
-0.012583
-0.012376
-0.011793
-0.010858
-0.0096007
-0.0080793
-0.0064102
-0.0047545
-0.003252
-0.0019876
-0.0010317
-0.0004358
-0.00014475
-3.4447e-05
-4.5524e-06
-1.4302e-07
-0.001506
-0.0072525
-0.01691
-0.024257
-0.022776
-0.01686
-0.011484
-0.0081491
-0.0063108
-0.0051197
-0.0041135
-0.0031196
-0.0020917
-0.0010242
8.8112e-05
0.0012594
0.0025093
0.003853
0.0052818
0.0067339
0.0080659
0.0090617
0.0095052
0.0092529
0.0082377
0.0065278
0.004505
0.0027106
0.001417
0.00062205
0.0002062
3.84e-05
2.5674e-06
7.4236e-05
0.00042344
0.00074728
0.00042105
-0.00053708
-0.0018498
-0.0034483
-0.0053427
-0.007425
-0.0095012
-0.01138
-0.012916
-0.014018
-0.014636
-0.014749
-0.014358
-0.013479
-0.012147
-0.010424
-0.0084267
-0.0063375
-0.0043716
-0.0027056
-0.0014443
-0.00063127
-0.00021884
-5.918e-05
-1.1866e-05
-1.4265e-06
-4.3704e-08
-0.0016573
-0.0078994
-0.017793
-0.022957
-0.019536
-0.013527
-0.0087902
-0.0059246
-0.004334
-0.0033666
-0.0026368
-0.0019588
-0.0012569
-0.00050727
0.0002999
0.0011742
0.0021267
0.0031624
0.0042647
0.0053748
0.0063766
0.0071085
0.0074119
0.0071707
0.0063264
0.0049682
0.0034361
0.0021002
0.0011192
0.00049664
0.0001641
3.0365e-05
3.5129e-06
9.8355e-05
0.00049232
0.00060066
-0.00012835
-0.001436
-0.0030048
-0.0047979
-0.0068229
-0.008993
-0.011148
-0.013109
-0.01472
-0.015862
-0.016457
-0.016462
-0.015861
-0.014668
-0.012932
-0.010753
-0.0083005
-0.0058202
-0.0035821
-0.0018121
-0.00063782
-5.3119e-05
0.0001071
7.9481e-05
2.7574e-05
4.3076e-06
1.4169e-07
-0.0017981
-0.0084468
-0.018053
-0.020436
-0.015692
-0.010219
-0.0063474
-0.0040156
-0.0027146
-0.0019652
-0.0014593
-0.0010274
-0.00058798
-0.00010806
0.00042587
0.0010215
0.0016846
0.0024143
0.003193
0.0039733
0.0046715
0.0051795
0.0053948
0.0052423
0.0046879
0.0038067
0.0028152
0.0019036
0.0011467
0.00057341
0.00020714
3.9793e-05
5.0301e-06
0.00013376
0.00050046
0.00019517
-0.0011174
-0.0029045
-0.0048337
-0.0068358
-0.0089
-0.010984
-0.012996
-0.01481
-0.016291
-0.017312
-0.017776
-0.017614
-0.016788
-0.015304
-0.013215
-0.010648
-0.0078143
-0.0050035
-0.0025331
-0.00067781
0.00040459
0.00075325
0.00062051
0.0003299
0.00010827
1.7113e-05
5.6992e-07
-0.0019208
-0.008828
-0.017225
-0.016704
-0.011513
-0.00711
-0.0042301
-0.0025076
-0.0015527
-0.001022
-0.00068921
-0.00042575
-0.00016587
0.00011955
0.00044347
0.00081211
0.0012287
0.0016907
0.0021842
0.0026767
0.0031156
0.003439
0.0035952
0.0035555
0.0033188
0.0029348
0.0024909
0.0020187
0.0014847
0.00089071
0.00036614
7.4067e-05
7.9803e-06
0.00019859
0.0003927
-0.00063074
-0.0027709
-0.0052388
-0.0076939
-0.009991
-0.012119
-0.014077
-0.015835
-0.017322
-0.018441
-0.019091
-0.019183
-0.018649
-0.01745
-0.015589
-0.013128
-0.010205
-0.0070496
-0.0039691
-0.0013006
0.00065409
0.0017033
0.001864
0.0014169
0.00077629
0.00027464
4.6619e-05
1.5958e-06
-0.0020319
-0.0090373
-0.014949
-0.012015
-0.0073709
-0.0043586
-0.0024914
-0.0014054
-0.00081109
-0.00048915
-0.00029524
-0.00014848
-6.4483e-06
0.00015011
0.00032992
0.00053683
0.00077206
0.0010329
0.0013097
0.0015832
0.0018253
0.0020082
0.0021178
0.0021639
0.0021809
0.0022175
0.0022782
0.0022667
0.0020384
0.0014611
0.00067845
0.00014325
1.311e-05
0.00029462
1.2299e-05
-0.0021549
-0.005329
-0.0086594
-0.011773
-0.014506
-0.016868
-0.018889
-0.020569
-0.021861
-0.02269
-0.022971
-0.022628
-0.021606
-0.019888
-0.0175
-0.014531
-0.011147
-0.0075927
-0.0041736
-0.0012037
0.0010497
0.0024133
0.002845
0.0024439
0.0015154
0.00060997
0.00011753
4.2099e-06
-0.0020955
-0.0088714
-0.011147
-0.0069983
-0.0038125
-0.0021756
-0.0012065
-0.00066407
-0.00037007
-0.00021432
-0.00012437
-5.9006e-05
3.289e-06
7.2956e-05
0.00015464
0.00025052
0.00036101
0.0004843
0.00061494
0.0007431
0.00085633
0.00094554
0.001014
0.001085
0.0012053
0.0014386
0.0018292
0.0023087
0.0025575
0.0021954
0.0011746
0.00025952
2.0767e-05
0.00030127
-0.0010938
-0.0047393
-0.0088959
-0.013062
-0.016808
-0.02006
-0.022824
-0.025158
-0.027071
-0.028531
-0.029467
-0.029796
-0.029438
-0.028334
-0.026466
-0.023866
-0.02064
-0.016969
-0.013106
-0.0093339
-0.0059077
-0.003002
-0.00069869
0.00097517
0.00195
0.0020416
0.0012115
0.00030229
1.2084e-05
-0.0020118
-0.0076174
-0.0063178
-0.0028073
-0.0014082
-0.00076784
-0.00042527
-0.00023081
-0.00012792
-7.3572e-05
-4.4435e-05
-2.4631e-05
-6.6649e-06
1.3687e-05
3.8232e-05
6.8035e-05
0.00010342
0.00014393
0.00018766
0.00023116
0.00027026
0.00030282
0.00033286
0.00037471
0.00045639
0.00062226
0.0009345
0.0014772
0.0022772
0.0027215
0.0018416
0.00044258
6.5825e-05
-0.00022424
-0.0037362
-0.008531
-0.013332
-0.017955
-0.022128
-0.025779
-0.028928
-0.031618
-0.033876
-0.035684
-0.036993
-0.037732
-0.037828
-0.037219
-0.035868
-0.033782
-0.031029
-0.027749
-0.024139
-0.020417
-0.016753
-0.013226
-0.0098244
-0.0065142
-0.0033565
-0.00062438
0.0010467
0.00083183
5.5823e-05
-0.0020009
-0.0045311
-0.0019592
-0.00056099
-0.0002824
-0.00014392
-8.1892e-05
-4.3833e-05
-2.4206e-05
-1.3788e-05
-8.5864e-06
-5.4091e-06
-2.8032e-06
9.2154e-08
3.6537e-06
8.1259e-06
1.3632e-05
2.0169e-05
2.7486e-05
3.5005e-05
4.196e-05
4.7902e-05
5.3569e-05
6.193e-05
7.9559e-05
0.00011892
0.00020343
0.00038424
0.00079347
0.0017006
0.0024311
0.00084764
0.00025015
-0.0026154
-0.0083135
-0.013267
-0.018169
-0.022735
-0.026956
-0.030715
-0.034024
-0.036895
-0.039343
-0.04136
-0.04292
-0.043984
-0.044509
-0.044456
-0.043796
-0.04252
-0.040651
-0.038251
-0.035422
-0.032281
-0.028927
-0.025402
-0.021684
-0.017704
-0.013413
-0.0088449
-0.0042193
-0.00041699
0.00033771
-0.0017533
-0.00071233
-8.2698e-05
-2.4513e-05
-1.1535e-05
-5.751e-06
-3.2562e-06
-1.7371e-06
-9.4884e-07
-5.329e-07
-3.3085e-07
-2.1648e-07
-1.307e-07
-3.9034e-08
7.384e-08
2.1773e-07
3.9826e-07
6.172e-07
8.6788e-07
1.1317e-06
1.3808e-06
1.5947e-06
1.7898e-06
2.0572e-06
2.6134e-06
3.8905e-06
6.75e-06
1.3375e-05
3.247e-05
0.0001206
0.00067424
0.0014357
-0.0017533
-0.0077294
-0.012714
-0.017418
-0.021939
-0.026198
-0.030171
-0.0338
-0.037064
-0.03994
-0.042416
-0.044472
-0.046087
-0.047244
-0.047922
-0.048109
-0.047795
-0.046979
-0.045669
-0.043887
-0.041665
-0.039045
-0.036068
-0.032769
-0.029168
-0.025276
-0.021107
-0.016679
-0.011992
-0.0068707
-0.0014357
