1.3489e-06
-4.7732e-05
-0.00028094
-0.00056753
0.00042015
0.0020415
0.0027043
0.002085
0.00096348
0.00021292
-7.5113e-05
-0.00012104
-7.1093e-05
-1.3597e-05
2.9966e-07
-1.3489e-06
8.6719e-06
1.5453e-05
8.9499e-06
-3.2354e-05
-3.6955e-05
-1.0942e-05
1.2917e-05
2.1188e-05
1.5025e-05
6.9557e-06
1.9997e-06
-1.3025e-06
-3.7495e-06
-2.4418e-06
2.9966e-07
-9.4273e-06
-0.00023665
-0.0011331
-0.0019632
0.0020139
0.0084722
0.011741
0.009841
0.005161
0.0015187
-8.201e-05
-0.00043499
-0.00027593
-6.1139e-05
-2.3949e-06
5.212e-05
0.00023517
0.00036521
0.00014659
-0.00081052
-0.0009225
-0.00034658
0.00026309
0.00055268
0.0004495
0.00023313
7.8153e-05
-2.3306e-05
-8.6747e-05
-6.1231e-05
-1.3325e-05
-1.5739e-05
-0.00036749
-0.0014564
-0.0011761
0.0054212
0.014505
0.020817
0.021281
0.014865
0.0063719
0.0013918
-0.00023129
-0.00032781
-8.9539e-05
-3.9104e-06
0.00029123
0.001135
0.0014531
-0.00018275
-0.0039492
-0.0040653
-0.0020151
0.00036715
0.0024139
0.0029131
0.0018895
0.0007914
7.4715e-05
-0.00032375
-0.0002819
-7.2901e-05
-5.9113e-06
-0.00014817
-0.00043986
0.0034494
0.011469
0.019957
0.026002
0.02759
0.023904
0.01515
0.0062982
0.0015625
0.00015583
-1.7899e-05
-1.4372e-06
0.00050934
0.0019961
0.0022344
-0.0042418
-0.0102
-0.0091457
-0.0048665
-1.88e-05
0.0045226
0.0074455
0.006893
0.0041207
0.0014592
-0.00010064
-0.00041969
-0.0001265
4.0401e-06
0.00014131
0.0015207
0.0087764
0.017156
0.02395
0.028393
0.029481
0.027396
0.021161
0.012435
0.0051163
0.0013335
0.00019551
6.6155e-06
0.00046312
0.0015754
-0.00060117
-0.01479
-0.018829
-0.01461
-0.0077548
-0.00036561
0.0063181
0.012132
0.013899
0.011264
0.0066149
0.0024576
0.0005626
7.3611e-05
9.5582e-07
0.00021697
0.0046795
0.012407
0.018583
0.022395
0.024552
0.025243
0.024349
0.020871
0.014634
0.0080354
0.0032046
0.00067892
2.6972e-05
0.00047386
0.00017288
-0.014247
-0.028151
-0.025985
-0.01798
-0.0092921
-0.00057748
0.0073613
0.015383
0.020054
0.01909
0.014537
0.0096342
0.0052167
0.001231
2.1779e-05
0.00072752
0.0060863
0.011432
0.013896
0.014967
0.015663
0.016126
0.016063
0.014676
0.01107
0.0064695
0.0026594
0.00054359
2.0441e-05
-0.00056589
-0.0056022
-0.033151
-0.037596
-0.028248
-0.018542
-0.009639
-0.00075987
0.0075776
0.016814
0.024027
0.025321
0.021887
0.01693
0.0097919
0.0023102
5.8984e-05
0.00165
0.0054175
0.0073876
0.0077059
0.008213
0.008464
0.008334
0.0079672
0.0073309
0.0056988
0.0033502
0.0012302
0.00015723
3.8421e-06
-0.0036467
-0.019457
-0.045283
-0.039425
-0.027282
-0.018479
-0.0095576
-0.00047892
0.0079368
0.017339
0.025717
0.028541
0.026274
0.021069
0.011325
0.0025554
6.1849e-05
0.0017225
0.0039183
0.0040511
0.0032318
0.0024088
0.0014332
0.00064122
3.1875e-05
-0.00024906
-0.00039895
-0.00057297
-0.0006098
-0.00026265
-1.1977e-05
-0.0067336
-0.033153
-0.049697
-0.036631
-0.024432
-0.016708
-0.0082051
0.00033462
0.0083813
0.017314
0.025456
0.02841
0.026212
0.019812
0.0090059
0.0018949
5.4976e-05
0.0014206
0.0023166
0.00058614
-0.0021365
-0.0046401
-0.0064813
-0.0074387
-0.0076335
-0.006908
-0.005289
-0.0034479
-0.0017718
-0.00041544
-1.592e-05
-0.0088846
-0.041677
-0.047671
-0.02985
-0.019127
-0.01328
-0.0062639
0.0010529
0.0082009
0.016027
0.02286
0.025064
0.02234
0.014718
0.0054256
0.0010489
5.5178e-05
0.0012665
0.0010695
-0.0021329
-0.0066387
-0.011544
-0.014959
-0.016224
-0.015594
-0.013111
-0.0093187
-0.0054927
-0.0023438
-0.000397
-1.4012e-05
-0.010112
-0.045153
-0.04075
-0.021153
-0.012501
-0.0082003
-0.0035253
0.001664
0.0071417
0.013114
0.018093
0.019294
0.016003
0.0082968
0.0024437
0.00040667
7.6162e-05
0.0010725
-0.0005353
-0.005518
-0.011768
-0.01823
-0.022702
-0.023805
-0.021575
-0.016377
-0.0098125
-0.0042221
-0.00093807
-9.3259e-05
-1.6604e-06
-0.010777
-0.042942
-0.030288
-0.012095
-0.0061419
-0.0035163
-0.0010469
0.0017764
0.005081
0.0087127
0.011715
0.012285
0.0099195
0.0053806
0.0016354
0.00029839
0.00021193
0.00047792
-0.0038631
-0.0099478
-0.016899
-0.023565
-0.028005
-0.028492
-0.024754
-0.017226
-0.0086199
-0.0025333
-0.0011225
-0.00032907
-1.8721e-05
-0.012373
-0.033936
-0.017665
-0.0055503
-0.001973
-0.00069176
0.00029958
0.0013737
0.0028401
0.0044169
0.005896
0.0065591
0.0069258
0.0033598
0.00035736
-0.00011061
0.00064947
-0.0023295
-0.013008
-0.021532
-0.0289
-0.033591
-0.035575
-0.033266
-0.026498
-0.016007
-0.0045957
0.0038726
0.0071023
0.0026639
8.7067e-05
-0.01465
-0.017524
-0.0055369
-0.0018221
-0.00035388
-0.00014911
0.00019004
0.00040131
0.00082347
0.0012156
0.0016478
0.00195
0.0026927
0.0045426
0.0042947
0.00074519
0.00031407
-0.012578
-0.029909
-0.044247
-0.053787
-0.060658
-0.062806
-0.060602
-0.052683
-0.040708
-0.026712
-0.014089
-0.0037184
0.0029736
0.0014822
-0.0083985
-0.0022072
-0.00030402
-0.00014861
-2.5479e-05
-1.399e-05
1.0823e-06
9.1469e-06
2.7883e-05
4.8422e-05
7.3596e-05
0.00010028
0.00019151
0.00057819
0.0022232
0.0047696
-0.0083985
-0.029297
-0.046696
-0.062919
-0.074842
-0.083756
-0.088861
-0.090126
-0.086971
-0.079686
-0.068894
-0.055723
-0.040251
-0.022271
-0.0047696
