0
1.7912e-11
-7.3478e-09
-2.8325e-08
-1.3001e-08
1.5752e-07
6.3561e-07
1.5634e-06
3.0493e-06
5.1679e-06
7.9587e-06
1.1391e-05
1.5267e-05
1.9064e-05
2.1782e-05
2.1907e-05
1.7685e-05
7.8017e-06
-7.7568e-06
-2.7228e-05
-4.7435e-05
-6.4822e-05
-7.6565e-05
-8.1261e-05
-7.9029e-05
-7.1189e-05
-5.9733e-05
-4.6773e-05
-3.4108e-05
-2.2971e-05
-1.3981e-05
-7.242e-06
-2.5203e-06
5.7762e-07
2.4666e-06
3.49e-06
3.8816e-06
3.7878e-06
3.3241e-06
2.6214e-06
1.833e-06
1.1073e-06
5.5016e-07
2.0204e-07
3.8678e-08
-5.94e-09
-4.134e-09
-1.0336e-10
0
1.7912e-11
-2.5061e-09
-2.0413e-08
-6.2073e-08
4.7644e-08
7.5211e-07
2.6394e-06
6.2693e-06
1.2072e-05
2.0335e-05
3.1194e-05
4.4488e-05
5.9391e-05
7.382e-05
8.3863e-05
8.3685e-05
6.6611e-05
2.7716e-05
-3.2938e-05
-0.00010858
-0.00018708
-0.00025487
-0.00030108
-0.00032017
-0.00031236
-0.00028254
-0.00023826
-0.0001877
-0.0001379
-9.3801e-05
-5.7953e-05
-3.0888e-05
-1.1779e-05
8.7138e-07
8.6715e-06
1.2971e-05
1.4705e-05
1.4474e-05
1.2757e-05
1.0087e-05
7.0739e-06
4.2973e-06
2.1666e-06
8.3297e-07
1.985e-07
8.6176e-09
-6.3585e-09
-1.1071e-09
-1.0336e-10
-7.3496e-09
-2.0412e-08
1.0049e-08
1.4067e-07
6.2378e-07
2.1639e-06
5.8027e-06
1.26e-05
2.3388e-05
3.8684e-05
5.8614e-05
8.2651e-05
0.00010895
0.00013337
0.00014861
0.00014428
0.00010902
3.4923e-05
-7.723e-05
-0.00021545
-0.00035894
-0.0004843
-0.00057229
-0.00061221
-0.00060315
-0.00055252
-0.00047306
-0.00037938
-0.00028478
-0.00019913
-0.00012803
-7.3208e-05
-3.3637e-05
-6.7853e-06
1.0274e-05
2.0105e-05
2.4575e-05
2.4974e-05
2.2362e-05
1.7854e-05
1.2645e-05
7.8233e-06
4.1205e-06
1.7849e-06
6.1927e-07
1.7719e-07
3.6607e-08
-6.3601e-09
-4.1336e-09
-2.8363e-08
-6.1956e-08
1.4168e-07
7.5664e-07
2.0087e-06
4.5921e-06
9.7309e-06
1.8826e-05
3.3029e-05
5.2952e-05
7.8461e-05
0.00010827
0.00013921
0.00016516
0.00017647
0.00016063
0.00010522
2.8919e-06
-0.00014369
-0.00032012
-0.00050311
-0.00066636
-0.00078702
-0.00085035
-0.00085192
-0.00079739
-0.00070018
-0.00057792
-0.00044844
-0.00032641
-0.00022138
-0.0001376
-7.5022e-05
-3.1e-05
-1.8665e-06
1.5891e-05
2.5074e-05
2.7814e-05
2.5928e-05
2.1196e-05
1.5352e-05
9.8483e-06
5.5936e-06
2.8485e-06
1.3418e-06
5.7701e-07
1.7715e-07
8.5568e-09
-5.954e-09
-1.2169e-08
5.1732e-08
6.3331e-07
2.017e-06
4.3388e-06
8.0578e-06
1.4252e-05
2.4385e-05
3.9726e-05
6.0766e-05
8.675e-05
0.00011519
0.00014122
0.0001571
0.00015237
0.00011559
3.7798e-05
-8.3698e-05
-0.00024312
-0.00042688
-0.00061612
-0.00078986
-0.000928
-0.0010143
-0.0010394
-0.0010022
-0.00091113
-0.00078145
-0.00063243
-0.00048269
-0.00034669
-0.00023291
-0.00014408
-7.885e-05
-3.369e-05
-4.5646e-06
1.222e-05
1.9825e-05
2.1036e-05
1.8385e-05
1.4065e-05
9.7172e-06
6.2598e-06
3.9021e-06
2.3823e-06
1.344e-06
6.1929e-07
1.9783e-07
3.8453e-08
1.667e-07
7.8694e-07
2.2169e-06
4.6178e-06
8.0169e-06
1.2553e-05
1.8916e-05
2.83e-05
4.1765e-05
5.9338e-05
7.9231e-05
9.7326e-05
0.00010699
9.9537e-05
6.5722e-05
-1.3703e-06
-0.00010327
-0.00023497
-0.00038701
-0.00054896
-0.00071122
-0.00086418
-0.00099676
-0.0010962
-0.0011496
-0.0011478
-0.0010881
-0.00097742
-0.00083068
-0.00066767
-0.00050755
-0.00036469
-0.00024689
-0.00015604
-9.0147e-05
-4.5361e-05
-1.7263e-05
-1.5214e-06
5.8142e-06
8.0982e-06
7.8956e-06
6.8676e-06
5.811e-06
4.8763e-06
3.9229e-06
2.863e-06
1.7876e-06
8.3106e-07
2.0125e-07
6.7616e-07
2.7846e-06
5.9897e-06
9.7642e-06
1.3952e-05
1.8391e-05
2.3322e-05
2.943e-05
3.7188e-05
4.5741e-05
5.1882e-05
4.968e-05
3.1072e-05
-1.235e-05
-8.6368e-05
-0.0001907
-0.00031727
-0.0004526
-0.00058413
-0.00070552
-0.00081704
-0.00092175
-0.0010208
-0.0011102
-0.0011799
-0.001216
-0.0012048
-0.0011392
-0.0010223
-0.00086859
-0.00069864
-0.00053286
-0.00038617
-0.00026634
-0.000175
-0.00010975
-6.5963e-05
-3.8183e-05
-2.1174e-05
-1.0705e-05
-3.903e-06
8.0076e-07
4.0154e-06
5.8489e-06
6.3302e-06
5.6478e-06
4.1438e-06
2.1713e-06
5.5064e-07
1.6671e-06
6.6292e-06
1.3004e-05
1.8731e-05
2.3288e-05
2.6222e-05
2.7398e-05
2.6926e-05
2.4439e-05
1.7866e-05
2.3943e-06
-2.9501e-05
-8.644e-05
-0.000175
-0.0002957
-0.00043979
-0.00058952
-0.00072422
-0.00082985
-0.00090442
-0.00095624
-0.00099806
-0.0010415
-0.0010928
-0.0011508
-0.0012054
-0.001239
-0.0012323
-0.0011717
-0.0010568
-0.00090141
-0.00072809
-0.00055908
-0.00041047
-0.0002904
-0.00020008
-0.00013592
-9.178e-05
-6.1203e-05
-3.9054e-05
-2.2163e-05
-9.087e-06
5.6166e-07
6.819e-06
9.8275e-06
9.9938e-06
7.9308e-06
4.3495e-06
1.12e-06
3.2016e-06
1.2568e-05
2.3746e-05
3.22e-05
3.6778e-05
3.667e-05
3.1446e-05
2.0732e-05
3.3035e-06
-2.4166e-05
-6.7908e-05
-0.00013639
-0.00023764
-0.00037512
-0.00054321
-0.00072449
-0.00089208
-0.0010198
-0.0010945
-0.0011203
-0.0011129
-0.0010916
-0.001074
-0.0010726
-0.0010942
-0.0011372
-0.0011905
-0.0012333
-0.00124
-0.0011907
-0.0010819
-0.00092792
-0.00075366
-0.00058377
-0.00043567
-0.00031738
-0.00022861
-0.00016378
-0.00011565
-7.8263e-05
-4.81e-05
-2.384e-05
-5.3536e-06
7.2241e-06
1.403e-05
1.5629e-05
1.2964e-05
7.2703e-06
1.8851e-06
5.1916e-06
2.0274e-05
3.7693e-05
4.967e-05
5.4157e-05
4.9823e-05
3.5942e-05
1.1782e-05
-2.4528e-05
-7.7259e-05
-0.00015354
-0.00026198
-0.00040926
-0.00059521
-0.00080767
-0.0010194
-0.001193
-0.001298
-0.0013265
-0.001293
-0.0012231
-0.0011426
-0.0010719
-0.0010246
-0.0010087
-0.0010269
-0.0010759
-0.0011432
-0.0012051
-0.001231
-0.0011963
-0.0010957
-0.00094515
-0.00077253
-0.00060482
-0.00045993
-0.00034429
-0.00025526
-0.00018598
-0.00013
-8.3501e-05
-4.5264e-05
-1.5462e-05
5.4746e-06
1.755e-05
2.1435e-05
1.846e-05
1.0531e-05
2.7444e-06
7.3897e-06
2.8802e-05
5.3209e-05
6.9256e-05
7.3802e-05
6.4772e-05
4.0991e-05
1.4007e-06
-5.6278e-05
-0.00013685
-0.00024788
-0.00039785
-0.00059213
-0.00082676
-0.0010806
-0.001311
-0.0014668
-0.001517
-0.0014673
-0.0013498
-0.0012035
-0.0010616
-0.00094595
-0.00086859
-0.00083398
-0.00084198
-0.00088945
-0.00096939
-0.0010674
-0.0011577
-0.0012067
-0.0011877
-0.0010961
-0.00095087
-0.00078297
-0.0006206
-0.00048032
-0.00036587
-0.00027302
-0.00019584
-0.00013049
-7.5898e-05
-3.2565e-05
-1.2804e-06
1.7737e-05
2.5203e-05
2.2845e-05
1.3316e-05
3.4918e-06
9.4673e-06
3.6881e-05
6.801e-05
8.812e-05
9.2896e-05
7.9278e-05
4.5349e-05
-1.0484e-05
-9.0973e-05
-0.00020148
-0.00035024
-0.00054627
-0.0007939
-0.0010825
-0.0013726
-0.0015948
-0.0016854
-0.0016274
-0.0014544
-0.0012222
-0.00098351
-0.00077591
-0.0006205
-0.00052569
-0.00049144
-0.00051279
-0.00058199
-0.00068972
-0.00082446
-0.00096893
-0.0010953
-0.0011691
-0.0011649
-0.0010822
-0.00094412
-0.0007838
-0.00062856
-0.00049197
-0.00037569
-0.00027626
-0.00019073
-0.00011843
-6.019e-05
-1.7066e-05
1.0553e-05
2.3397e-05
2.3513e-05
1.4249e-05
3.7764e-06
1.1164e-05
4.3485e-05
8.0119e-05
0.0001035
0.00010811
8.9697e-05
4.5224e-05
-2.7981e-05
-0.00013384
-0.00027924
-0.00047439
-0.00072961
-0.0010453
-0.001392
-0.0016909
-0.0018403
-0.0017855
-0.0015516
-0.0012129
-0.00084864
-0.0005179
-0.00025455
-7.2392e-05
2.7155e-05
4.903e-05
1.1769e-06
-0.00010648
-0.00026193
-0.0004509
-0.00065673
-0.00085774
-0.0010236
-0.0011206
-0.0011289
-0.0010542
-0.00092455
-0.00077321
-0.00062453
-0.00048921
-0.00036919
-0.00026415
-0.00017463
-0.00010181
-4.6653e-05
-9.342e-06
1.0994e-05
1.6598e-05
1.1234e-05
3.0611e-06
1.2417e-05
4.8322e-05
8.8736e-05
0.00011369
0.00011639
9.1187e-05
3.3423e-05
-6.1535e-05
-0.00020022
-0.00039297
-0.00065329
-0.00099023
-0.0013866
-0.0017648
-0.0019881
-0.0019496
-0.0016528
-0.001191
-0.00067838
-0.00020328
0.00018452
0.00046738
0.00064678
0.00073212
0.00073364
0.00065981
0.00051792
0.00031659
6.8684e-05
-0.00020741
-0.0004887
-0.00074716
-0.00094924
-0.0010645
-0.001081
-0.001013
-0.00089161
-0.00074835
-0.00060406
-0.00046893
-0.0003479
-0.00024425
-0.00015983
-9.4787e-05
-4.8161e-05
-1.8363e-05
-3.0389e-06
1.4204e-06
6.0858e-07
1.3355e-05
5.1825e-05
9.4241e-05
0.00011815
0.00011515
7.7796e-05
-8.0088e-07
-0.00012847
-0.0003162
-0.00057925
-0.00093224
-0.0013694
-0.0018221
-0.0021294
-0.002122
-0.001765
-0.0011687
-0.00049266
0.0001346
0.00064288
0.0010126
0.0012547
0.0013909
0.001442
0.0014215
0.0013353
0.0011839
0.0009668
0.00068741
0.0003586
4.1209e-06
-0.00034453
-0.00065115
-0.00087935
-0.0010041
-0.0010235
-0.00095947
-0.00084424
-0.00070656
-0.00056615
-0.00043599
-0.0003244
-0.00023468
-0.00016521
-0.00011207
-7.1649e-05
-4.1319e-05
-1.856e-05
-4.4579e-06
1.4118e-05
5.4456e-05
9.7005e-05
0.00011612
0.00010108
4.1968e-05
-7.1252e-05
-0.00025088
-0.0005134
-0.00087679
-0.0013443
-0.0018614
-0.0022581
-0.0023011
-0.0018951
-0.0011608
-0.00031491
0.00045999
0.0010669
0.0014866
0.0017465
0.0018893
0.0019533
0.0019637
0.0019319
0.001858
0.001734
0.001548
0.0012898
0.00095832
0.00056905
0.00015408
-0.00024419
-0.00058111
-0.00081967
-0.00094269
-0.00095856
-0.00089427
-0.00078186
-0.00064958
-0.00052022
-0.0004099
-0.00032457
-0.00025974
-0.00020586
-0.000155
-0.00010375
-5.1915e-05
-1.298e-05
1.4589e-05
5.5685e-05
9.5584e-05
0.0001045
6.826e-05
-2.6518e-05
-0.00019407
-0.00045176
-0.00081932
-0.0013066
-0.0018744
-0.0023616
-0.0024812
-0.0020523
-0.0011884
-0.00017383
0.00073732
0.0014133
0.0018385
0.0020651
0.0021644
0.0021955
0.0021958
0.0021828
0.0021601
0.0021217
0.0020541
0.0019379
0.0017513
0.0014769
0.0011129
0.00068141
0.00022625
-0.0001987
-0.00054308
-0.00077353
-0.00088277
-0.00088766
-0.00081842
-0.00070899
-0.00059237
-0.00049468
-0.00042604
-0.0003778
-0.00033145
-0.00027173
-0.00019358
-0.00010061
-2.5475e-05
1.4244e-05
5.3391e-05
8.5592e-05
7.629e-05
6.5648e-06
-0.00014166
-0.00038744
-0.00075145
-0.0012476
-0.0018511
-0.0024237
-0.0026512
-0.0022458
-0.0012779
-0.00010222
0.00093576
0.0016586
0.0020572
0.0022185
0.0022484
0.0022265
0.0021966
0.0021755
0.002166
0.0021645
0.0021639
0.0021527
0.0021122
0.0020165
0.0018359
0.0015487
0.0011571
0.00069482
0.00021889
-0.00020814
-0.00053622
-0.00074062
-0.00082455
-0.00081182
-0.00073844
-0.00064665
-0.00057387
-0.00053528
-0.00051655
-0.00048676
-0.00042033
-0.00030982
-0.00016413
-4.182e-05
1.2197e-05
4.4039e-05
5.9946e-05
2.0817e-05
-9.836e-05
-0.00032119
-0.00067049
-0.0011633
-0.0017861
-0.0024304
-0.0027923
-0.0024782
-0.001457
-0.00013453
0.0010315
0.0018005
0.0021685
0.002263
0.0022291
0.002165
0.0021146
0.0020875
0.0020795
0.0020842
0.002097
0.0021148
0.0021331
0.0021413
0.0021179
0.0020296
0.0018397
0.0015263
0.0011027
0.00061829
0.00014152
-0.00026304
-0.0005531
-0.00071616
-0.00076626
-0.00073813
-0.00068167
-0.00064549
-0.00064946
-0.00067148
-0.00066533
-0.0005934
-0.00044598
-0.00023875
-6.1036e-05
7.3212e-06
2.3129e-05
9.7451e-06
-7.4998e-05
-0.00026317
-0.00058338
-0.0010571
-0.0016811
-0.0023752
-0.0028792
-0.0027359
-0.0017456
-0.00030479
0.0010045
0.0018488
0.0022131
0.002263
0.0021843
0.0020952
0.0020399
0.0020192
0.0020204
0.0020315
0.0020453
0.0020597
0.0020756
0.002095
0.0021167
0.0021293
0.0021049
0.0020009
0.0017761
0.0014184
0.00095997
0.00046641
1.1553e-05
-0.00034699
-0.00058096
-0.00069287
-0.00071413
-0.00070072
-0.00071109
-0.00076743
-0.00083692
-0.00085668
-0.00077791
-0.00059039
-0.00031764
-8.1331e-05
-1.6842e-06
-1.4457e-05
-7.4788e-05
-0.00022459
-0.00050286
-0.0009398
-0.0015435
-0.0022606
-0.0028882
-0.0029806
-0.002143
-0.00064349
0.00083061
0.0018084
0.0022236
0.0022617
0.0021514
0.0020414
0.0019838
0.0019743
0.0019914
0.0020169
0.0020404
0.0020573
0.0020675
0.0020737
0.0020809
0.0020943
0.0021126
0.0021187
0.0020734
0.0019251
0.0016392
0.0012259
0.00074062
0.00025987
-0.00014742
-0.00043898
-0.00060606
-0.00067628
-0.00071078
-0.00077511
-0.00088919
-0.0010061
-0.0010473
-0.00095708
-0.00072805
-0.00039209
-0.00010042
-1.6133e-05
-7.3786e-05
-0.00020266
-0.00043855
-0.00082517
-0.0013864
-0.002096
-0.0028093
-0.0031548
-0.0026093
-0.0011674
0.00047392
0.0016618
0.0022072
0.0022769
0.0021422
0.0020018
0.0019333
0.0019318
0.0019661
0.0020097
0.0020484
0.0020765
0.002093
0.0020987
0.0020962
0.0020907
0.0020895
0.0020985
0.0021112
0.0020972
0.0020034
0.0017799
0.0014162
0.00095318
0.00046485
2.6953e-05
-0.00030731
-0.00051981
-0.00063565
-0.00072066
-0.00084328
-0.0010147
-0.001171
-0.0012223
-0.0011132
-0.00084373
-0.00045339
-0.00011605
-3.7014e-05
-0.0001585
-0.00037933
-0.00072036
-0.0012249
-0.0018973
-0.0026499
-0.0032081
-0.0030546
-0.0018545
-0.00010856
0.001358
0.0021381
0.0023081
0.0021657
0.0019818
0.0018851
0.0018816
0.0019296
0.0019909
0.0020454
0.0020866
0.0021139
0.0021285
0.0021313
0.0021238
0.0021098
0.0020967
0.0020935
0.0021014
0.0020994
0.0020385
0.0018612
0.0015408
0.001104
0.0006192
0.00016499
-0.00019801
-0.00044546
-0.00060256
-0.00073924
-0.00092077
-0.0011421
-0.0013221
-0.0013668
-0.0012308
-0.0009249
-0.00049464
-0.00012641
-6.4574e-05
-0.00026923
-0.00060387
-0.001063
-0.0016815
-0.0024278
-0.0031263
-0.0033634
-0.0026086
-0.00093635
0.00081722
0.0019495
0.0023317
0.0022322
0.0019996
0.0018484
0.0018219
0.0018738
0.0019502
0.0020205
0.0020749
0.0021132
0.0021381
0.0021512
0.0021531
0.0021441
0.0021263
0.0021062
0.0020935
0.0020939
0.0020937
0.002049
0.0019007
0.0016121
0.0011987
0.00072227
0.00026184
-0.00011811
-0.00039114
-0.0005857
-0.00077406
-0.0010104
-0.001267
-0.0014484
-0.0014681
-0.0012987
-0.00096385
-0.00051194
-0.00013055
-9.8072e-05
-0.00040269
-0.00086779
-0.001449
-0.0021629
-0.0029264
-0.0034618
-0.0032556
-0.0019444
-3.5737e-05
0.0015311
0.0022817
0.0023352
0.0020794
0.0018454
0.0017606
0.0017968
0.0018831
0.0019703
0.0020396
0.0020896
0.0021242
0.0021469
0.0021594
0.0021614
0.0021526
0.002134
0.0021111
0.0020932
0.0020878
0.0020848
0.0020451
0.0019108
0.001641
0.0012441
0.00077686
0.00031694
-7.0757e-05
-0.00036224
-0.0005919
-0.00083024
-0.0011113
-0.0013814
-0.0015391
-0.0015171
-0.0013118
-0.00095861
-0.0005048
-0.00012839
-0.00013586
-0.00055214
-0.0011567
-0.0018545
-0.0026343
-0.003351
-0.0036292
-0.0029332
-0.0011926
0.00075493
0.0020305
0.0024187
0.0022337
0.0019129
0.0017244
0.0017081
0.0017892
0.0018924
0.0019803
0.0020447
0.0020898
0.0021213
0.0021426
0.0021548
0.0021573
0.0021492
0.0021314
0.0021085
0.0020892
0.0020804
0.002073
0.0020307
0.001898
0.0016345
0.0012463
0.00078706
0.00033212
-5.6651e-05
-0.00036231
-0.00062598
-0.0009094
-0.0012181
-0.0014746
-0.0015844
-0.0015097
-0.0012713
-0.00091254
-0.00047576
-0.00012062
-0.0001758
-0.00070907
-0.0014538
-0.0022552
-0.0030671
-0.0036781
-0.0036355
-0.0024654
-0.00043937
0.0014038
0.0023476
0.0024253
0.0020863
0.001762
0.0016359
0.0016758
0.0017839
0.0018927
0.0019771
0.0020366
0.002078
0.0021072
0.0021276
0.0021396
0.0021423
0.0021351
0.0021189
0.0020979
0.0020799
0.0020697
0.0020567
0.0020054
0.0018641
0.0015964
0.0012098
0.00075708
0.0003104
-7.5258e-05
-0.00039368
-0.00069022
-0.0010085
-0.0013206
-0.0015347
-0.0015782
-0.0014475
-0.001184
-0.00083331
-0.00042961
-0.00010852
-0.00021578
-0.00086525
-0.001744
-0.0026321
-0.0034438
-0.0039025
-0.0035041
-0.0019095
0.00026869
0.0019117
0.0025227
0.002353
0.0019294
0.001636
0.0015699
0.0016493
0.0017716
0.0018808
0.0019616
0.0020175
0.0020564
0.0020842
0.0021037
0.0021153
0.0021182
0.002112
0.0020981
0.0020805
0.0020653
0.0020539
0.0020328
0.0019664
0.0018078
0.0015274
0.0011375
0.00069101
0.00025519
-0.00012567
-0.00045748
-0.00078327
-0.0011188
-0.0014048
-0.0015511
-0.0015191
-0.0013379
-0.0010612
-0.00073123
-0.00037238
-9.3691e-05
-0.00025414
-0.0010143
-0.0020165
-0.0029736
-0.0037574
-0.0040292
-0.0032585
-0.0013035
0.00091034
0.0022923
0.0025933
0.0022392
0.0017815
0.0015328
0.0015153
0.0016195
0.0017481
0.0018562
0.0019347
0.0019889
0.0020267
0.0020536
0.0020724
0.0020835
0.0020867
0.002082
0.0020711
0.0020575
0.0020448
0.0020304
0.0019967
0.0019087
0.0017258
0.0014274
0.001032
0.00059299
0.00016987
-0.0002068
-0.0005527
-0.00089843
-0.0012259
-0.0014554
-0.0015171
-0.0014119
-0.0011929
-0.00091659
-0.00061758
-0.00031034
-7.7738e-05
-0.00028988
-0.0011527
-0.0022656
-0.0032752
-0.0040086
-0.0040654
-0.0029143
-0.00067067
0.0014767
0.0025625
0.0025899
0.0021088
0.0016504
0.0014466
0.0014632
0.0015805
0.0017111
0.0018187
0.0018969
0.0019515
0.0019896
0.0020165
0.002035
0.002046
0.0020499
0.0020472
0.0020396
0.0020294
0.0020167
0.0019944
0.0019419
0.001826
0.001614
0.0012958
0.00089642
0.00046741
5.7703e-05
-0.00031673
-0.00067422
-0.0010224
-0.0013114
-0.0014598
-0.001433
-0.0012672
-0.0010273
-0.00076424
-0.00050296
-0.00024912
-6.21e-05
-0.00032275
-0.0012794
-0.0024908
-0.0035384
-0.0042014
-0.0040147
-0.0024781
-2.6908e-05
0.0019633
0.0027377
0.002536
0.0019774
0.0015381
0.0013716
0.0014078
0.0015291
0.0016592
0.0017671
0.0018473
0.0019044
0.0019446
0.0019729
0.0019921
0.0020039
0.0020091
0.0020085
0.0020031
0.0019933
0.0019755
0.0019385
0.0018603
0.0017117
0.0014696
0.001134
0.00073493
0.00031907
-7.7756e-05
-0.0004508
-0.0008106
-0.0011359
-0.001357
-0.0014121
-0.0013065
-0.0010999
-0.00085639
-0.00061672
-0.00039598
-0.00019308
-4.7871e-05
-0.0003531
-0.0013961
-0.0026953
-0.0037681
-0.0043388
-0.0038727
-0.0019512
0.00061302
0.0023658
0.002831
0.0024499
0.0018555
0.0014447
0.001304
0.0013461
0.0014637
0.0015908
0.0016994
0.0017831
0.0018447
0.001889
0.0019204
0.0019419
0.0019553
0.001962
0.0019623
0.0019563
0.0019416
0.0019117
0.0018527
0.0017436
0.0015612
0.0012925
0.00094603
0.00055341
0.00015334
-0.00023121
-0.00059913
-0.00094358
-0.0012175
-0.001351
-0.0013162
-0.0011521
-0.00092629
-0.0006939
-0.00048365
-0.00030256
-0.00014501
-3.5733e-05
-0.00038177
-0.0015058
-0.0028846
-0.0039694
-0.0044196
-0.0036261
-0.0013354
0.0012305
0.0026781
0.0028535
0.0023461
0.0017499
0.0013703
0.0012425
0.001278
0.0013841
0.0015044
0.0016124
0.0016998
0.0017669
0.0018167
0.0018526
0.0018775
0.001893
0.0019002
0.001899
0.0018877
0.001862
0.0018132
0.0017271
0.0015859
0.0013738
0.0010866
0.00073861
0.00035904
-2.3078e-05
-0.00039339
-0.00074531
-0.0010511
-0.0012505
-0.0012925
-0.0011855
-0.00098734
-0.00076148
-0.00055001
-0.00037104
-0.00022578
-0.00010616
-2.598e-05
-0.00040979
-0.0016124
-0.0030646
-0.0041457
-0.0044347
-0.0032546
-0.00064022
0.0018004
0.0028938
0.0028164
0.0022374
0.0016665
0.0013164
0.0011894
0.0012065
0.0012926
0.0013999
0.0015033
0.0015921
0.0016636
0.0017187
0.0017593
0.0017874
0.0018042
0.0018099
0.0018037
0.0017825
0.0017408
0.0016694
0.001556
0.0013873
0.0011546
0.00086045
0.00052093
0.00016038
-0.00020056
-0.00054961
-0.00086869
-0.0011143
-0.0012297
-0.0011929
-0.0010389
-0.00082957
-0.00061711
-0.00043107
-0.00028162
-0.00016647
-7.6623e-05
-1.8604e-05
-0.00043818
-0.0017195
-0.0032394
-0.0042946
-0.0043647
-0.0027364
0.0001095
0.0022917
0.0030087
0.0027332
0.0021364
0.001611
0.0012874
0.0011513
0.0011399
0.001196
0.0012812
0.0013722
0.0014565
0.0015283
0.0015858
0.0016291
0.0016586
0.0016745
0.0016762
0.001662
0.0016282
0.0015691
0.0014765
0.0013411
0.0011545
0.00091389
0.00062518
0.00030358
-3.2026e-05
-0.00036566
-0.0006817
-0.00095091
-0.0011251
-0.0011637
-0.0010716
-0.00089622
-0.00069285
-0.00050096
-0.00034026
-0.00021588
-0.00012399
-5.5809e-05
-1.3434e-05
-0.00046762
-0.0018292
-0.0034094
-0.0044059
-0.0041789
-0.0020607
0.00087
0.0026717
0.0030252
0.0026216
0.0020558
0.0015897
0.0012906
0.00114
0.0010928
0.001109
0.0011602
0.001227
0.0012963
0.0013602
0.001414
0.0014553
0.0014827
0.0014951
0.0014908
0.0014676
0.0014216
0.001348
0.0012404
0.0010927
0.00090082
0.00066536
0.00039356
9.8316e-05
-0.0002055
-0.00050298
-0.0007737
-0.00098307
-0.0010889
-0.0010707
-0.00094987
-0.00077375
-0.00058684
-0.00041756
-0.00027896
-0.00017358
-9.7568e-05
-4.3113e-05
-1.03e-05
-0.00049818
-0.0019411
-0.0035693
-0.0044597
-0.003838
-0.0012408
0.0015811
0.0029143
0.0029571
0.0025038
0.0020077
0.0016099
0.0013369
0.001173
0.0010886
0.0010583
0.0010638
0.0010915
0.0011306
0.0011728
0.0012118
0.001243
0.0012628
0.0012684
0.0012571
0.0012258
0.0011712
0.0010892
0.00097559
0.00082702
0.00064219
0.00042364
0.00017841
-8.2801e-05
-0.00034735
-0.00059997
-0.00081786
-0.00096825
-0.0010207
-0.00097012
-0.00084346
-0.00068084
-0.0005159
-0.00036878
-0.0002481
-0.00015529
-8.7514e-05
-3.8654e-05
-9.2284e-06
-0.0005291
-0.0020514
-0.0037073
-0.0044271
-0.0033035
-0.00032442
0.0021769
0.0030097
0.0028311
0.002403
0.0020022
0.0016788
0.0014394
0.0012724
0.001159
0.0010844
0.0010388
0.001015
0.0010068
0.0010086
0.0010151
0.0010213
0.0010224
0.0010142
0.00099277
0.00095432
0.0008952
0.00081197
0.00070175
0.00056282
0.00039555
0.00020316
-7.9584e-06
-0.00022877
-0.00044802
-0.00065083
-0.00081595
-0.00091723
-0.00093575
-0.00087458
-0.00075811
-0.00061747
-0.00047781
-0.00035326
-0.00024847
-0.00016336
-9.631e-05
-4.3936e-05
-1.0615e-05
-0.00055869
-0.0021528
-0.0038054
-0.0042722
-0.0025544
0.00060886
0.0026024
0.0029718
0.0026828
0.0023381
0.0020444
0.0018017
0.0016095
0.0014587
0.001337
0.0012354
0.0011487
0.0010744
0.0010111
0.00095737
0.0009114
0.00087069
0.00083217
0.00079233
0.00074734
0.00069329
0.00062632
0.00054295
0.00044049
0.00031752
0.00017456
1.4432e-05
-0.0001576
-0.00033409
-0.00050538
-0.00065865
-0.00077698
-0.00084214
-0.00084348
-0.00078599
-0.00068826
-0.00057387
-0.00046271
-0.00036473
-0.00027923
-0.00020127
-0.00012872
-6.2089e-05
-1.5302e-05
-0.0005849
-0.0022367
-0.0038428
-0.0039537
-0.0016041
0.0014627
0.00283
0.0028376
0.0025469
0.0023164
0.0021312
0.0019757
0.0018472
0.0017378
0.0016384
0.0015421
0.0014451
0.0013462
0.0012457
0.0011447
0.0010447
0.00094641
0.00085035
0.00075618
0.00066288
0.00056884
0.00047198
0.00037002
0.0002609
0.00014329
1.71e-05
-0.00011609
-0.00025284
-0.00038796
-0.00051443
-0.00062313
-0.00070293
-0.00074312
-0.00073836
-0.00069247
-0.00061771
-0.00053191
-0.00045319
-0.00039006
-0.0003349
-0.00027129
-0.00019059
-9.7457e-05
-2.4494e-05
-0.00060643
-0.0022971
-0.0038004
-0.0034212
-0.00051014
0.0021476
0.0028678
0.0026584
0.002445
0.0023301
0.0022464
0.0021809
0.0021285
0.0020823
0.002035
0.001981
0.0019163
0.0018387
0.0017478
0.0016442
0.0015291
0.0014044
0.0012719
0.0011338
0.00099193
0.00084811
0.00070385
0.00056038
0.00041864
0.00027952
0.00014403
1.3592e-05
-0.0001098
-0.00022359
-0.00032471
-0.0004096
-0.00047447
-0.00051613
-0.00053313
-0.00052592
-0.00049731
-0.00045671
-0.00042218
-0.00040748
-0.00040177
-0.00037049
-0.00028625
-0.00015447
-3.9485e-05
-0.00062349
-0.0023326
-0.0036593
-0.0026133
0.00062594
0.0026012
0.002759
0.0024852
0.0023794
0.0023577
0.0023597
0.0023751
0.0023974
0.0024209
0.0024403
0.0024512
0.0024502
0.002435
0.002404
0.0023562
0.0022913
0.0022093
0.0021107
0.0019965
0.0018684
0.0017286
0.00158
0.0014262
0.0012711
0.0011183
0.0009715
0.00083332
0.00070534
0.00058759
0.00047829
0.00037381
0.00026932
0.00016029
4.5296e-05
-7.0593e-05
-0.00017486
-0.0002552
-0.00031655
-0.00038212
-0.00045473
-0.00048633
-0.00041522
-0.00023612
-6.1288e-05
-0.00063695
-0.0023421
-0.0033827
-0.0014831
0.0016678
0.0028016
0.0025752
0.0023574
0.0023382
0.0023743
0.0024336
0.0025044
0.0025805
0.0026575
0.002732
0.0028015
0.0028643
0.0029193
0.0029657
0.0030027
0.0030294
0.0030448
0.0030475
0.0030365
0.0030107
0.0029697
0.002914
0.0028448
0.0027645
0.002676
0.0025819
0.002484
0.0023822
0.0022729
0.0021493
0.0020008
0.0018151
0.0015814
0.0012961
0.00096707
0.00061713
0.00028084
-9.1472e-06
-0.0002476
-0.0004527
-0.00059315
-0.00057006
-0.00034361
-9.06e-05
-0.00064915
-0.0023225
-0.002865
-7.3066e-05
0.002466
0.0027778
0.002409
0.0022964
0.0023112
0.0023657
0.0024418
0.0025297
0.0026235
0.0027195
0.0028155
0.0029104
0.0030044
0.0030983
0.0031934
0.003291
0.0033919
0.0034964
0.0036041
0.0037136
0.0038227
0.0039288
0.0040286
0.0041189
0.0041966
0.0042589
0.0043026
0.0043242
0.0043183
0.0042773
0.0041905
0.0040443
0.0038236
0.0035154
0.0031121
0.0026161
0.0020423
0.0014192
0.00078662
0.00019428
-0.00029877
-0.00064135
-0.00073611
-0.00048161
-0.00012953
-0.00066776
-0.0022687
-0.001865
0.0014146
0.002899
0.0026271
0.0023462
0.0022968
0.002296
0.0023265
0.0023756
0.0024388
0.0025109
0.0025883
0.0026681
0.0027493
0.0028323
0.0029187
0.0030113
0.0031134
0.0032283
0.0033592
0.0035084
0.0036769
0.0038647
0.0040697
0.0042882
0.0045146
0.0047414
0.0049596
0.0051593
0.0053297
0.0054598
0.0055386
0.0055557
0.0055007
0.0053639
0.0051359
0.004807
0.0043681
0.0038108
0.0031308
0.0023293
0.0014126
0.0004175
-0.00044619
-0.00086609
-0.00066973
-0.00018699
-0.00068332
-0.0020667
-0.00014914
0.0026235
0.0029126
0.0024957
0.0023628
0.0022975
0.0022498
0.00222
0.0022078
0.002214
0.0022357
0.0022689
0.0023093
0.0023537
0.0024008
0.0024512
0.002507
0.0025719
0.0026501
0.0027463
0.002865
0.0030102
0.0031845
0.0033891
0.0036226
0.0038812
0.0041576
0.0044414
0.0047197
0.0049778
0.0052012
0.0053775
0.0054979
0.0055583
0.0055588
0.0055016
0.0053868
0.0052082
0.0049489
0.0045785
0.0040517
0.0033063
0.002251
0.0007762
-0.00065641
-0.00091814
-0.00028468
-0.00072519
-0.0012322
0.0019006
0.003022
0.0025619
0.0023229
0.0022057
0.0020978
0.0019963
0.0019049
0.0018315
0.00178
0.0017505
0.0017389
0.00174
0.0017487
0.0017615
0.0017769
0.0017954
0.001819
0.0018511
0.0018958
0.0019576
0.0020409
0.0021494
0.0022863
0.0024527
0.0026477
0.0028673
0.0031044
0.0033483
0.0035862
0.0038043
0.0039905
0.0041367
0.0042405
0.0043057
0.0043416
0.00436
0.0043711
0.0043802
0.0043828
0.0043555
0.004238
0.003899
0.0030687
0.0011761
-0.00094029
-0.00046795
-0.00073533
0.001271
0.0027157
0.0020896
0.0017472
0.0015846
0.0014619
0.0013546
0.0012554
0.0011652
0.001089
0.0010304
0.00098966
0.00096439
0.00095052
0.00094387
0.00094115
0.00094037
0.00094096
0.00094356
0.00094973
0.00096168
0.00098197
0.0010133
0.0010584
0.0011194
0.0011979
0.0012943
0.0014073
0.0015338
0.0016685
0.0018041
0.0019326
0.0020462
0.0021391
0.0022089
0.0022571
0.0022894
0.0023142
0.0023413
0.0023808
0.0024429
0.0025398
0.0026866
0.002894
0.0031228
0.0030679
0.0011782
-0.00067105
0
-0.00073533
-0.0034033
-0.0057578
-0.0079538
-0.010059
-0.012105
-0.014089
-0.016008
-0.017853
-0.019616
-0.021289
-0.022864
-0.024336
-0.025698
-0.026948
-0.028079
-0.029089
-0.029973
-0.030727
-0.031348
-0.031832
-0.032176
-0.032379
-0.032439
-0.032355
-0.032126
-0.031754
-0.03124
-0.030587
-0.029799
-0.028881
-0.027838
-0.026678
-0.025407
-0.024031
-0.022555
-0.020984
-0.019324
-0.017577
-0.01575
-0.013847
-0.011871
-0.0098265
-0.0077122
-0.0055223
-0.0031906
-0.00067105
0
