0
-6.9742e-09
-1.0953e-07
2.0026e-07
2.5433e-06
8.7423e-06
2.0135e-05
3.7474e-05
5.9652e-05
7.9442e-05
7.833e-05
3.2443e-05
-6.1548e-05
-0.00017351
-0.00026136
-0.00029801
-0.00028088
-0.00022606
-0.00015677
-9.2804e-05
-4.4731e-05
-1.4049e-05
2.8759e-06
1.0812e-05
1.3272e-05
1.2146e-05
8.7944e-06
4.8529e-06
1.8286e-06
3.3448e-07
-2.0545e-08
-4.7005e-09
0
-6.9742e-09
-1.8251e-08
1.9952e-08
1.7828e-06
1.0968e-05
3.4531e-05
7.7581e-05
0.00014235
0.00022321
0.00029152
0.00027894
0.0001013
-0.00025053
-0.00066808
-0.0010004
-0.0011472
-0.0010937
-0.00089397
-0.00063239
-0.00038472
-0.00019421
-6.9701e-05
8.8492e-07
3.5239e-05
4.703e-05
4.4099e-05
3.2249e-05
1.8005e-05
7.068e-06
1.6224e-06
1.5652e-07
5.6409e-09
-4.7005e-09
-1.0988e-07
2.1414e-08
2.1047e-06
8.198e-06
2.5612e-05
6.5817e-05
0.00013737
0.00024038
0.00035711
0.00043238
0.00036159
3.9134e-05
-0.00052896
-0.0011923
-0.0017472
-0.0020397
-0.0020172
-0.0017301
-0.001297
-0.00084889
-0.00047796
-0.00021836
-6.0215e-05
2.3844e-05
5.898e-05
6.2459e-05
4.783e-05
2.7972e-05
1.2488e-05
4.4124e-06
1.3125e-06
1.5637e-07
-2.0547e-08
2.135e-07
1.8377e-06
8.2345e-06
2.058e-05
4.3171e-05
8.6629e-05
0.00015833
0.00024868
0.00031928
0.00029678
9.538e-05
-0.0003165
-0.00088347
-0.0015077
-0.0020776
-0.0024749
-0.0026008
-0.0024196
-0.0019892
-0.0014426
-0.00092122
-0.00051258
-0.00023737
-7.5239e-05
5.4692e-06
3.3608e-05
3.3297e-05
2.3195e-05
1.4028e-05
8.3091e-06
4.4271e-06
1.6185e-06
3.3224e-07
2.7373e-06
1.1552e-05
2.5655e-05
4.1592e-05
5.939e-05
8.3835e-05
0.00011363
0.00012131
4.5829e-05
-0.00018303
-0.00057406
-0.001017
-0.0014055
-0.0017471
-0.002087
-0.0024257
-0.0026939
-0.0027744
-0.0025751
-0.0021165
-0.0015358
-0.00098968
-0.00056987
-0.00029391
-0.00013649
-5.7652e-05
-2.0532e-05
-1.3193e-06
9.7239e-06
1.4212e-05
1.2608e-05
7.0743e-06
1.8233e-06
9.4098e-06
3.6318e-05
6.4797e-05
7.8124e-05
7.2271e-05
4.544e-05
-1.6818e-05
-0.00016162
-0.00046206
-0.0009582
-0.0015404
-0.0019497
-0.0020942
-0.0020909
-0.0020839
-0.0021671
-0.0023655
-0.002618
-0.0027676
-0.0026396
-0.0022077
-0.0016232
-0.0010704
-0.00065286
-0.00038357
-0.00022256
-0.00012124
-5.0603e-05
-2.4851e-06
2.327e-05
2.8461e-05
1.8304e-05
4.9285e-06
2.0286e-05
7.6638e-05
0.00012782
0.00013413
8.5913e-05
-2.3006e-05
-0.00021619
-0.00055251
-0.0011058
-0.00187
-0.0025599
-0.0028105
-0.0026613
-0.002347
-0.0020531
-0.0018844
-0.001892
-0.0020863
-0.0024101
-0.002677
-0.0026451
-0.0022586
-0.0016897
-0.0011501
-0.00074614
-0.00047233
-0.00027948
-0.00013431
-3.0136e-05
3.0355e-05
4.867e-05
3.3599e-05
9.2135e-06
3.2317e-05
0.00012163
0.00019992
0.00020073
0.00010495
-9.8505e-05
-0.00043806
-0.00098255
-0.001816
-0.0028242
-0.0034093
-0.0032687
-0.0026969
-0.0020469
-0.0015264
-0.0012202
-0.0011465
-0.0012979
-0.0016519
-0.0021396
-0.0025406
-0.0025912
-0.0022521
-0.0017202
-0.0012118
-0.00081319
-0.00050832
-0.00026907
-9.1554e-05
1.7934e-05
5.9519e-05
4.5506e-05
1.2767e-05
4.1576e-05
0.00015656
0.00025703
0.00025353
0.00011296
-0.00018938
-0.00070061
-0.001526
-0.0027454
-0.0038131
-0.0038579
-0.0030272
-0.0019061
-0.00090168
-0.0001916
0.0001833
0.00024138
1.488e-05
-0.00045218
-0.0011086
-0.0018378
-0.0023716
-0.0024781
-0.0021827
-0.0017011
-0.0012212
-0.00080866
-0.00047002
-0.00021273
-4.5426e-05
3.2987e-05
3.773e-05
1.132e-05
4.7259e-05
0.00017721
0.00028545
0.00026174
5.3305e-05
-0.00039602
-0.0011896
-0.0024989
-0.0040551
-0.0044818
-0.0034325
-0.0017428
-0.00013209
0.0010789
0.0018328
0.0021813
0.0021848
0.0018813
0.0012878
0.00044473
-0.00057003
-0.0015461
-0.0021781
-0.0023123
-0.0020519
-0.0016105
-0.0011441
-0.00073174
-0.00041425
-0.00019994
-7.45e-05
-1.7422e-05
-2.5746e-06
5.1376e-05
0.00018917
0.00028264
0.0001914
-0.00016891
-0.00091052
-0.0022232
-0.0041433
-0.0051403
-0.0039637
-0.0016341
0.00064839
0.0023344
0.0033646
0.003888
0.0040716
0.0040102
0.0037232
0.0031671
0.0022981
0.0011309
-0.00018104
-0.0013118
-0.0019681
-0.0020965
-0.0018512
-0.0014347
-0.0010151
-0.00069593
-0.00048087
-0.00031297
-0.00015477
-3.8493e-05
5.2946e-05
0.00018673
0.00022684
-1.5662e-05
-0.00067686
-0.0019397
-0.0040057
-0.0057392
-0.0046765
-0.0016886
0.0012938
0.003342
0.004405
0.0048137
0.0049103
0.0048965
0.0048376
0.0047065
0.0044082
0.0038028
0.0027824
0.0013944
-5.9987e-05
-0.0011859
-0.0017667
-0.0018387
-0.0015888
-0.0012586
-0.0010327
-0.00089976
-0.00071345
-0.0003985
-0.00010326
4.4088e-05
0.00013814
5.2485e-05
-0.00046432
-0.001616
-0.0036116
-0.0060407
-0.0056183
-0.0021009
0.0016145
0.0039376
0.0048275
0.0049137
0.0047715
0.0046644
0.0046394
0.004673
0.0047256
0.0047263
0.0045208
0.0038904
0.0027179
0.0012044
-0.00021344
-0.0011793
-0.0015917
-0.001577
-0.0014245
-0.0013948
-0.0014327
-0.0012544
-0.00073485
-0.00019315
1.1895e-05
-7.4563e-06
-0.00033792
-0.0012857
-0.0030931
-0.0057604
-0.0066736
-0.0031248
0.0013795
0.004083
0.0048343
0.0046598
0.0044073
0.0043287
0.0043651
0.0044302
0.004491
0.0045561
0.0046401
0.0046732
0.0044148
0.0035825
0.0022059
0.00068511
-0.00053512
-0.0012298
-0.001455
-0.0015332
-0.0017723
-0.0020233
-0.0018488
-0.0011
-0.00029037
-5.8912e-05
-0.00030764
-0.0010386
-0.0025563
-0.0049987
-0.0073047
-0.0049026
0.00029574
0.0037824
0.0047572
0.0045212
0.0042519
0.0042488
0.0043754
0.0044992
0.0045729
0.0045937
0.0045828
0.0045936
0.004654
0.0045947
0.0040499
0.002872
0.0013676
1.3641e-05
-0.00087719
-0.0013108
-0.0016417
-0.0021689
-0.0025927
-0.0023713
-0.0014039
-0.00037003
-0.00017777
-0.00079337
-0.0020702
-0.004185
-0.0068782
-0.0070007
-0.0019632
0.0028308
0.0047045
0.0046278
0.0042062
0.0041165
0.0042664
0.0044519
0.0045889
0.0046655
0.0046841
0.0046498
0.004605
0.0046249
0.0046294
0.004257
0.0032452
0.0018008
0.00039509
-0.00061331
-0.0012194
-0.0018054
-0.0025757
-0.0030512
-0.002708
-0.0015728
-0.00041219
-0.00034233
-0.0014462
-0.0033409
-0.0058817
-0.0080128
-0.005296
0.00065941
0.0043149
0.0049133
0.0042599
0.0038823
0.0040083
0.0042893
0.0045117
0.0046453
0.0047124
0.0047253
0.0046849
0.0046191
0.0046057
0.0046104
0.0043064
0.0033898
0.0020013
0.00059124
-0.00047732
-0.0012327
-0.002054
-0.0029528
-0.003315
-0.0027938
-0.0015761
-0.00040952
-0.00053544
-0.0021937
-0.0046838
-0.0073548
-0.0081292
-0.0031884
0.0027036
0.0050681
0.0046492
0.0038222
0.0037138
0.0040289
0.004337
0.0045274
0.0046345
0.0046917
0.004704
0.0046678
0.0046054
0.0045813
0.0045613
0.0042488
0.0033544
0.0019992
0.00061059
-0.0004852
-0.0013798
-0.0023772
-0.0032295
-0.0033287
-0.0026279
-0.0014303
-0.00036759
-0.0007319
-0.0029399
-0.0059332
-0.0084523
-0.0074967
-0.0010718
0.004169
0.0052849
0.0042629
0.0035115
0.0035971
0.0039772
0.004282
0.0044617
0.004563
0.004618
0.0046322
0.0046056
0.00456
0.0045355
0.0044697
0.0040897
0.0031598
0.0018199
0.0004693
-0.00064293
-0.0016629
-0.0027169
-0.0033234
-0.0030876
-0.0022664
-0.0011844
-0.00030049
-0.00091384
-0.0036198
-0.0070003
-0.0091521
-0.0063535
0.0008889
0.0051612
0.0052242
0.0038459
0.0032311
0.003473
0.0038972
0.0041965
0.0043653
0.0044599
0.0045121
0.0045294
0.0045163
0.0044887
0.0044517
0.0043069
0.0038133
0.0028152
0.0014882
0.00018551
-0.00094546
-0.0020417
-0.0029697
-0.0031788
-0.0026459
-0.0018007
-0.00089992
-0.00022497
-0.0010746
-0.0042127
-0.0078744
-0.0094807
-0.004812
0.00265
0.0057754
0.0049869
0.0034766
0.0030098
0.0033095
0.0037297
0.0040355
0.0042201
0.0043255
0.0043836
0.0044079
0.0044046
0.0043749
0.0042873
0.0040221
0.0033902
0.0023252
0.0010289
-0.00021992
-0.0013605
-0.0024173
-0.0030224
-0.0028093
-0.002103
-0.0013266
-0.00063159
-0.00015521
-0.0012188
-0.0047374
-0.0085909
-0.009408
-0.0029273
0.0041657
0.0060795
0.0046852
0.0031653
0.0027844
0.003083
0.0034885
0.0038025
0.0040102
0.0041385
0.0042112
0.0042415
0.0042303
0.0041611
0.0039787
0.0035703
0.0028139
0.0017189
0.00048113
-0.0007064
-0.0018012
-0.0026508
-0.0028246
-0.0023055
-0.0015681
-0.00091776
-0.00041416
-9.9741e-05
-0.001359
-0.0052381
-0.0091934
-0.0087935
-0.00077363
0.0053786
0.0061196
0.0043716
0.002943
0.0025813
0.0027944
0.0031437
0.0034542
0.0036818
0.0038321
0.0039162
0.0039396
0.0038946
0.0037537
0.0034597
0.0029297
0.0021052
0.0010393
-0.00010496
-0.0011942
-0.0021344
-0.0026448
-0.0024407
-0.0017934
-0.0011248
-0.00061218
-0.00026028
-6.1164e-05
-0.001506
-0.0057472
-0.0096766
-0.0074327
0.0014844
0.0062009
0.0059434
0.0041225
0.0028417
0.0024301
0.0024899
0.0027191
0.002973
0.003186
0.0033357
0.0034144
0.0034157
0.0033253
0.0031153
0.0027414
0.0021555
0.0013433
0.00037078
-0.0006352
-0.0015617
-0.0022532
-0.0024231
-0.0020113
-0.0013792
-0.00081752
-0.00041897
-0.0001679
-3.84e-05
-0.0016573
-0.006243
-0.0099181
-0.0052323
0.0035673
0.0065589
0.0056354
0.0040206
0.0029402
0.0024476
0.0022978
0.0023249
0.0024315
0.0025538
0.0026511
0.0026955
0.0026654
0.002539
0.0022916
0.0018954
0.0013299
0.00060577
-0.00021396
-0.0010306
-0.0017378
-0.0021647
-0.0021103
-0.0016619
-0.0011196
-0.00066204
-0.00033827
-0.00013392
-3.0365e-05
-0.0017981
-0.0066503
-0.009642
-0.002391
0.0051499
0.0064615
0.0053406
0.0041607
0.0033389
0.0028264
0.0024967
0.00228
0.0021406
0.0020508
0.0019847
0.0019151
0.0018151
0.0016569
0.0014138
0.0010626
0.00059333
2.1683e-05
-0.00060139
-0.0012016
-0.0016886
-0.0019237
-0.0017978
-0.001425
-0.0010074
-0.00065397
-0.00037907
-0.00016778
-3.9793e-05
-0.0019208
-0.0069102
-0.0084614
0.00062791
0.0060177
0.0060561
0.0052142
0.0045827
0.0041101
0.0037495
0.0034261
0.0031025
0.002771
0.0024354
0.0021029
0.0017756
0.0014518
0.0011234
0.00077898
0.00040554
-3.8153e-06
-0.00044121
-0.0008782
-0.0012721
-0.0015686
-0.0016827
-0.0015546
-0.0012685
-0.00098044
-0.00076032
-0.00055408
-0.00029309
-7.4067e-05
-0.0020319
-0.0070105
-0.0060077
0.0033145
0.0061681
0.0055705
0.0052878
0.0051649
0.0051095
0.0050707
0.0050061
0.0048803
0.0046816
0.0044062
0.00406
0.0036513
0.0031927
0.0026989
0.0021873
0.0016764
0.0011839
0.00072599
0.00031404
-5.0857e-05
-0.00037864
-0.00067341
-0.00092034
-0.0010385
-0.00096747
-0.00091266
-0.00085353
-0.00053781
-0.00014325
-0.0020955
-0.0067835
-0.0022826
0.0052551
0.0057702
0.0052037
0.0053714
0.0055778
0.0058478
0.0061125
0.006359
0.0065678
0.0067319
0.0068466
0.0069066
0.0069062
0.0068388
0.0067015
0.0064973
0.006237
0.0059354
0.0056024
0.0052288
0.004775
0.0041719
0.0033453
0.0022604
0.0009735
-0.00027741
-0.0009637
-0.0012055
-0.000923
-0.00025952
-0.0020118
-0.0056506
0.0018251
0.0061529
0.0051908
0.0050765
0.0052356
0.0055141
0.0058218
0.0061576
0.0064886
0.0068246
0.007171
0.0075456
0.0079598
0.0084198
0.0089197
0.0094426
0.0099595
0.010433
0.010819
0.011066
0.011113
0.010887
0.010306
0.0092915
0.0078016
0.0058492
0.003466
0.00060912
-0.0014094
-0.0014427
-0.00044258
-0.0020009
-0.0027146
0.0049631
0.0059755
0.0050142
0.0049752
0.004842
0.0048661
0.004956
0.0051072
0.005282
0.0054701
0.0056785
0.0059301
0.0062556
0.0066854
0.0072425
0.0079346
0.0087456
0.0096295
0.01051
0.011289
0.01187
0.012182
0.012194
0.011899
0.011274
0.010238
0.0086297
0.0061731
0.0019793
-0.0018654
-0.00084764
-0.0017533
0.0030444
0.0057436
0.0044585
0.0041641
0.003776
0.0034657
0.0032163
0.0030858
0.0030395
0.0030461
0.0030734
0.003112
0.0031678
0.0032601
0.0034135
0.0036532
0.0039991
0.0044588
0.0050181
0.0056354
0.0062426
0.0067633
0.0071415
0.0073674
0.0074857
0.007575
0.0076999
0.0078536
0.0078607
0.0070073
0.002535
-0.0014357
0
-0.0017533
-0.0077294
-0.012714
-0.017418
-0.021939
-0.026198
-0.030171
-0.0338
-0.037064
-0.03994
-0.042416
-0.044472
-0.046087
-0.047244
-0.047922
-0.048109
-0.047795
-0.046979
-0.045669
-0.043887
-0.041665
-0.039045
-0.036068
-0.032769
-0.029168
-0.025276
-0.021107
-0.016679
-0.011992
-0.0068707
-0.0014357
0
