0
-3.777e-06
0.00025613
0.0016237
-0.0021797
-0.0056047
-0.0076044
-0.0060245
-0.003621
-0.0009366
0.00099553
-0.00030799
0.00050422
0.00080676
0.0004836
-1.7375e-05
0
-3.777e-06
0.00016757
0.0012204
0.0015067
-0.0029883
-0.008047
-0.015266
-0.018419
-0.019863
-0.0087025
0.0011328
-0.00013001
0.001967
0.0020795
0.00060413
0.00013054
-1.7375e-05
0.00065864
0.00059286
-0.0006913
-0.0093677
-0.000894
-0.003243
-0.00025103
-0.0052039
-0.0041514
-0.016126
-0.016414
0.005518
-0.00033872
-0.00080227
-0.00088559
0.0013549
4.7269e-06
0.001937
0.0024996
-0.0095938
-0.0054722
-0.0034997
0.0014109
0.0030497
0.0033083
0.0030752
0.00077174
-0.011593
-0.019869
-0.0021772
-0.0044141
-0.0023462
0.0038792
0.00049248
0.00045936
0.0044588
-0.018926
-0.0055859
0.003276
0.0079322
0.0074189
0.010887
0.0079308
0.0097613
0.0035447
-0.0088184
-0.012598
-0.016201
-0.0061875
0.0054938
0.0026638
0.00021349
-0.012277
-0.0093552
0.0078884
0.010852
0.0085153
0.011702
0.011095
0.011763
0.010542
0.012567
0.0023291
-0.005598
-0.0088202
-0.0057604
0.00094246
0.0017642
-0.0012811
-0.02753
0.0018164
0.0088323
0.003622
0.0086619
0.01222
0.0087123
0.012572
0.0087263
0.01398
0.0098171
0.001631
-0.0035494
-0.0042873
-0.0050161
-0.0026593
-0.0045261
-0.032048
0.0020291
0.0083778
0.0097364
0.013987
0.011522
0.010168
0.014216
0.0090585
0.012001
0.010665
0.0045367
-0.0007382
-0.0028888
-0.011231
-0.0052967
-0.0080625
-0.036043
0.0091598
0.010158
0.0052544
0.0094827
0.0093411
0.012769
0.016301
0.011182
0.013148
0.012442
0.005304
-0.00048085
-0.0051377
-0.014014
-0.0044623
-0.0099931
-0.034596
0.010057
0.0077342
0.0089138
0.014136
0.011459
0.012287
0.013407
0.0094747
0.011566
0.010723
0.004935
-0.0007898
-0.0064386
-0.012769
-0.0025615
-0.011858
-0.032618
0.015338
0.0090453
0.003836
0.0090507
0.0092015
0.010378
0.0095224
0.0099368
0.013163
0.010404
0.0026772
-0.0037289
-0.012792
-0.0042326
-0.00064299
-0.016494
-0.023214
0.016883
0.0065964
0.0076382
0.012461
0.010125
0.013185
0.011002
0.013348
0.010986
0.0048981
-0.0017899
-0.0095829
-0.011258
0.0011974
0.00068243
-0.026713
-0.0071835
0.022677
0.0048377
-0.0033516
0.0068986
0.0065997
0.0088089
0.0079438
0.0082508
0.0031759
0.00076005
-0.0059076
-0.0094769
-0.00023727
0.00048114
0.00039909
-0.032762
0.0094187
0.020531
0.0077006
0.0031779
-0.00062506
0.0035768
0.00026565
0.0035429
-7.2286e-05
0.00092384
-0.0013271
-0.0067044
-0.011729
-0.00154
-0.0015321
0.0036074
-0.025706
0.015709
0.018052
0.013968
0.018326
0.013801
0.013919
0.0089889
0.0084798
0.0033257
0.0041605
-0.0024874
-0.0053005
-0.0020029
-0.0093756
-0.011346
0.0076712
-0.0092884
0.015493
0.019563
0.02651
0.0317
0.038192
0.040727
0.045014
0.045989
0.04872
0.04763
0.047794
0.045227
0.034893
0.022606
0.010208
-0.0042715
0
-0.0092884
-0.028651
-0.045148
-0.058437
-0.068644
-0.0769
-0.080861
-0.081314
-0.076031
-0.067094
-0.053545
-0.040551
-0.027713
-0.014757
-0.0042715
0
