0
-2.4131e-06
9.4307e-05
0.00054917
0.0011607
-0.00099667
-0.0032655
-0.0038979
-0.0027756
-0.00088195
3.555e-05
0.00021587
0.00018991
0.00011524
1.8942e-05
-6.6793e-07
0
-2.4131e-06
4.4324e-05
0.0004201
0.0016766
0.0024147
-0.0029577
-0.0090647
-0.012402
-0.010443
-0.0045693
-0.00076767
0.00047246
0.00056537
0.00034379
7.6201e-05
8.0192e-06
-6.6793e-07
0.00012568
0.00037311
0.00039301
-0.00041068
-0.0049727
-0.0037705
-0.0048771
-0.0073688
-0.011685
-0.013933
-0.0069355
-0.0012816
8.6223e-05
0.00012768
0.00013797
7.9098e-05
1.7264e-05
0.00059995
0.0015528
-0.00063521
-0.0052677
-0.011625
-0.0052034
-0.0018113
-0.0010677
-0.0015957
-0.0068151
-0.012671
-0.0088349
-0.0023929
-0.00087179
0.00018102
0.00038941
0.00011777
0.0006184
0.0019889
0.001218
-0.016
-0.0093077
-0.00068859
0.003098
0.0057395
0.0050661
0.0034225
-0.0045419
-0.010867
-0.010012
-0.0038782
-0.0004177
0.00096926
0.00034786
0.001053
0.0021058
-0.0083914
-0.016498
-0.001798
0.0072881
0.011048
0.013665
0.012595
0.012045
0.006458
-0.0027555
-0.0084272
-0.0099915
-0.0041786
0.00088148
0.00050277
0.0012015
0.0012282
-0.029121
-0.006029
0.0093625
0.014052
0.015122
0.015666
0.015307
0.015573
0.013717
0.0058866
-0.0012712
-0.0045921
-0.0041947
-0.004445
-0.0015076
-0.0024483
-0.012718
-0.02347
0.0073137
0.013464
0.012089
0.012632
0.013538
0.013896
0.014246
0.01481
0.0085439
0.0010317
-0.0031499
-0.005957
-0.0089618
-0.003004
-0.006103
-0.027726
-0.0098643
0.013929
0.011423
0.012191
0.015141
0.016112
0.015792
0.015239
0.016439
0.011156
0.0032876
-0.0022375
-0.0084706
-0.010616
-0.0031878
-0.008588
-0.034021
-0.0026535
0.015469
0.010927
0.011858
0.013598
0.013904
0.014251
0.013895
0.014441
0.0091641
0.0018716
-0.0039624
-0.011027
-0.0081016
-0.0021094
-0.010223
-0.03674
0.0058516
0.017394
0.0086219
0.011053
0.014282
0.014717
0.015162
0.015
0.014328
0.0083202
0.00071193
-0.0062746
-0.011261
-0.00393
-0.00080891
-0.010578
-0.035457
0.012049
0.016656
0.0075122
0.0086363
0.010685
0.012293
0.012037
0.011572
0.0090454
0.0023999
-0.0045015
-0.01037
-0.0067912
-0.0010687
-6.5481e-05
-0.011546
-0.030562
0.01751
0.017063
0.0063337
0.007796
0.0080266
0.0094984
0.0091652
0.0086631
0.0053747
0.00027865
-0.0043967
-0.004749
-0.003185
-0.00025675
8.4334e-06
-0.016518
-0.016262
0.021502
0.016161
0.0084195
0.0068829
0.0050252
0.0033941
0.0020354
7.851e-05
-0.0023667
-0.0054248
-0.0072717
-0.014921
-0.0042241
0.0007205
0.00059806
-0.019721
0.0047045
0.023737
0.020251
0.024868
0.023806
0.025801
0.023381
0.022889
0.019498
0.017536
0.013762
0.010856
0.0076783
-0.0061001
-0.0047004
0.0011975
-0.0087003
0.014991
0.016548
0.019388
0.0224
0.026302
0.028803
0.032631
0.036095
0.040981
0.044965
0.047409
0.045182
0.037776
0.02594
0.0085947
-0.0043865
0
-0.0087003
-0.028409
-0.04658
-0.061822
-0.073209
-0.082032
-0.086957
-0.088242
-0.084751
-0.077052
-0.065531
-0.051953
-0.036518
-0.019442
-0.0043865
0
