0
2.6416e-06
0.00028758
0.0014553
-0.0028419
-0.0062956
-0.0079863
-0.006219
-0.0035047
-0.00099301
0.0011706
-0.00028899
0.00050725
0.00087011
0.00060166
-2.5416e-05
0
2.6416e-06
0.00016613
0.0010132
0.00094841
-0.0033746
-0.0084644
-0.015543
-0.018866
-0.020627
-0.01009
0.0015583
-9.195e-05
0.002103
0.0021904
0.00060979
0.00016466
-2.5416e-05
0.00071857
0.00036423
-4.6576e-05
-0.0091148
-0.00066974
-0.0026285
0.00021118
-0.004673
-0.003586
-0.014571
-0.0188
0.0050965
-0.0002705
-0.0012206
-0.0013034
0.0016209
-4.013e-05
0.0021043
0.0033508
-0.014107
-0.0037181
-0.0021164
0.0024907
0.0032104
0.0041268
0.003167
0.0019743
-0.010108
-0.019717
-0.0036203
-0.0036868
-0.0029684
0.0040919
0.00051582
-0.0001032
0.002295
-0.015403
-0.0040173
0.0042749
0.0076131
0.0073351
0.010637
0.007809
0.0095175
0.004506
-0.0081628
-0.011961
-0.016051
-0.0062905
0.0052671
0.0027574
0.00073334
-0.016103
-0.0058399
0.0095108
0.010557
0.0078329
0.012052
0.010377
0.012063
0.0097994
0.012911
0.0029154
-0.0051889
-0.008747
-0.0056839
0.00065361
0.0017335
-0.0011407
-0.027958
0.0024197
0.0069542
0.0029919
0.0091081
0.012158
0.0080873
0.012505
0.0083109
0.013559
0.010206
0.0023473
-0.0034798
-0.0045325
-0.0050147
-0.0028221
-0.0045383
-0.03258
0.0030632
0.0091782
0.010521
0.013743
0.010482
0.00981
0.013796
0.0087625
0.011645
0.01035
0.0048625
-0.00025216
-0.0027485
-0.011305
-0.0055689
-0.0079506
-0.035513
0.0096278
0.008379
0.0043679
0.0092471
0.0091935
0.013039
0.015997
0.01066
0.012733
0.012602
0.0056119
-0.00047562
-0.0049024
-0.01419
-0.0045525
-0.010098
-0.034205
0.010323
0.0083113
0.0098883
0.013982
0.010569
0.011907
0.01356
0.0092459
0.011195
0.010345
0.0051956
-0.00030582
-0.0061288
-0.013228
-0.0024908
-0.012571
-0.030998
0.015549
0.0071588
0.0030309
0.0090726
0.0090429
0.0094388
0.0092211
0.0089564
0.012756
0.010717
0.0031688
-0.0037144
-0.012517
-0.0044384
-0.00064335
-0.018971
-0.020077
0.017243
0.0071799
0.0085691
0.012021
0.010267
0.013087
0.010874
0.013176
0.011528
0.004968
-0.0017429
-0.009137
-0.011807
0.0014748
0.00070578
-0.029143
-0.0032874
0.022699
0.0012871
-0.0032559
0.0074295
0.0059358
0.0093118
0.0073245
0.0087194
0.0029506
0.00053305
-0.0052274
-0.010255
-0.00024596
0.00060034
0.00060943
-0.033666
0.011207
0.019677
0.0095962
0.0016424
0.00011281
0.0032569
0.00081061
0.0033994
0.00055358
0.00041173
-0.00061349
-0.0069037
-0.010712
-0.0028406
-0.0020162
0.0044984
-0.025865
0.016493
0.016606
0.012799
0.017353
0.012236
0.012681
0.0074517
0.0073653
0.0021077
0.0032794
-0.0025188
-0.0052084
-0.0039406
-0.0081281
-0.012348
0.0082778
-0.0094249
0.015832
0.020168
0.027067
0.032651
0.039037
0.041645
0.045655
0.046412
0.048664
0.04733
0.046738
0.044163
0.034879
0.022429
0.010353
-0.0042811
0
-0.0094249
-0.028644
-0.044837
-0.058004
-0.068015
-0.076207
-0.079959
-0.080283
-0.074852
-0.065853
-0.052444
-0.039444
-0.026981
-0.014668
-0.0042811
0
