0
-1.732e-06
6.3497e-05
0.00037152
0.0007857
-0.00058014
-0.002491
-0.0031763
-0.0023497
-0.00095979
-0.00013816
0.0001305
0.00015505
8.8465e-05
1.5764e-05
-4.3322e-07
0
-1.732e-06
2.8203e-05
0.00026586
0.0011283
0.0018096
-0.002022
-0.007475
-0.010375
-0.0087542
-0.0044286
-0.0011713
0.00017718
0.00042727
0.00025885
5.9736e-05
6.48e-06
-4.3322e-07
7.3425e-05
0.00025125
0.00032247
3.5848e-05
-0.0027307
-0.0038124
-0.0053473
-0.008242
-0.011797
-0.01141
-0.0057331
-0.0015632
-0.00017771
4.3587e-05
8.4492e-05
6.0896e-05
1.5147e-05
0.00039112
0.0010844
-1.7533e-05
-0.0034595
-0.010205
-0.0059893
-0.0028148
-0.002103
-0.0031734
-0.0080821
-0.011062
-0.0070064
-0.0026536
-0.00089973
4.2424e-05
0.00027268
9.0693e-05
0.00060143
0.0017836
0.00018681
-0.011318
-0.010945
-0.0031892
0.0014844
0.0037825
0.003758
0.0010626
-0.0059256
-0.0099254
-0.0074972
-0.003111
-0.00046693
0.00050376
0.00019801
0.00056646
0.0013203
-0.0032864
-0.018491
-0.0055746
0.0048215
0.0097239
0.012516
0.011879
0.010481
0.0039348
-0.0041186
-0.0082022
-0.0076369
-0.0028698
-6.598e-05
0.00010045
0.0009375
0.00053013
-0.020985
-0.011891
0.0062464
0.013819
0.016023
0.017142
0.016538
0.016458
0.012365
0.0040678
-0.0023428
-0.0044716
-0.0042859
-0.0042277
-0.0013531
-0.0009537
-0.0064939
-0.02979
0.00053665
0.013895
0.014201
0.014057
0.014805
0.014859
0.016123
0.014899
0.0075449
0.00015794
-0.0033856
-0.0065299
-0.008119
-0.0025838
-0.0046975
-0.020298
-0.020486
0.011137
0.014423
0.012613
0.015052
0.016356
0.015915
0.016513
0.016388
0.00999
0.0023226
-0.0028948
-0.0091737
-0.0095002
-0.0028045
-0.0076128
-0.030133
-0.010219
0.015812
0.013393
0.012232
0.014811
0.015397
0.015279
0.015502
0.014799
0.0084451
0.0011075
-0.0047467
-0.011006
-0.007468
-0.001973
-0.0095163
-0.034926
-0.00079328
0.018969
0.01144
0.010588
0.014216
0.01542
0.015701
0.015629
0.013764
0.0071838
-0.00010592
-0.0068047
-0.010038
-0.0042446
-0.00096809
-0.010398
-0.035713
0.0082076
0.019735
0.0096146
0.008955
0.011155
0.012686
0.012706
0.011801
0.0085541
0.0018902
-0.0047007
-0.0096751
-0.0063413
-0.0016839
-0.00027784
-0.01103
-0.031969
0.015187
0.019976
0.00864
0.0074651
0.0078492
0.0086244
0.0085606
0.007615
0.004652
-0.00014702
-0.0040485
-0.004414
-0.0033897
-0.0008879
-0.00016894
-0.013673
-0.020326
0.02013
0.019473
0.012597
0.010746
0.0083996
0.0062699
0.004184
0.00164
-0.0011417
-0.0046557
-0.0069435
-0.013186
-0.0054482
1.4267e-05
0.00031915
-0.016583
0.00015943
0.022927
0.020586
0.024616
0.024819
0.027069
0.026159
0.026084
0.024012
0.02222
0.019114
0.015751
0.010581
-0.0025963
-0.0047169
-7.7348e-05
-0.0085874
0.015145
0.017658
0.017674
0.020136
0.023024
0.025285
0.028585
0.032117
0.036989
0.041519
0.044501
0.043329
0.037479
0.026534
0.0086539
-0.0046031
0
-0.0085874
-0.0289
-0.046586
-0.06255
-0.074224
-0.083108
-0.088143
-0.089422
-0.086165
-0.078741
-0.067698
-0.054387
-0.03888
-0.02119
-0.0046031
0
