0
-3.3874e-06
0.00013694
0.00083819
0.0012984
-0.0019105
-0.0044015
-0.0046534
-0.0032556
-0.00078606
0.00031711
0.00032169
0.00012699
0.00016084
2.6464e-05
-1.1152e-06
0
-3.3874e-06
7.3158e-05
0.00069811
0.0023844
0.0020655
-0.0045845
-0.011093
-0.01459
-0.012778
-0.0046956
-4.2945e-05
0.00079822
0.00044598
0.00047175
0.00010733
1.114e-05
-1.1152e-06
0.00023542
0.00054006
0.00026284
-0.0016479
-0.0071341
-0.0034255
-0.0038995
-0.0063766
-0.010186
-0.016406
-0.008807
-0.0010935
0.00048366
0.00016069
0.00022551
0.00011665
2.0919e-05
0.0008528
0.0021289
-0.0014699
-0.010225
-0.0097002
-0.0034821
-0.0002809
8.507e-05
7.6182e-05
-0.0050592
-0.013933
-0.010882
0.00016863
-0.0013318
0.00034273
0.00063881
0.00016571
0.00060204
0.001822
0.0010435
-0.017032
-0.0066332
0.0023514
0.0046981
0.0077506
0.0061974
0.0057655
-0.0028887
-0.011262
-0.013964
-0.005989
-0.00075572
0.0019107
0.0006488
0.0019494
0.0040406
-0.020976
-0.010162
0.0035067
0.0098373
0.01203
0.014311
0.0128
0.013089
0.0088265
-0.00081194
-0.0079241
-0.01121
-0.0064969
0.002091
0.0011259
-0.00034049
-0.0038812
-0.02601
0.0013585
0.010718
0.012381
0.013131
0.013281
0.013345
0.013573
0.013968
0.0072174
-0.00028261
-0.0045002
-0.0038408
-0.0046277
-0.0016959
-0.0040013
-0.023609
-0.0096011
0.013215
0.011327
0.011194
0.012607
0.012983
0.014008
0.012612
0.014369
0.0094561
0.0019885
-0.0028396
-0.0051033
-0.0096834
-0.0034929
-0.0068945
-0.032312
-0.0020831
0.011528
0.0083821
0.012103
0.013839
0.014449
0.015457
0.013791
0.015496
0.011814
0.0042111
-0.0016074
-0.007353
-0.011722
-0.0035769
-0.0094812
-0.036543
0.0041514
0.015666
0.0097908
0.011886
0.012786
0.013265
0.013316
0.01255
0.013966
0.0098285
0.0026766
-0.003186
-0.01015
-0.0090226
-0.0022926
-0.010518
-0.036442
0.010445
0.012609
0.0061077
0.011292
0.013007
0.013767
0.013845
0.013924
0.013914
0.00901
0.0014935
-0.0054904
-0.01245
-0.0035749
-0.00064843
-0.010767
-0.034388
0.014854
0.015202
0.0070412
0.008905
0.010355
0.011913
0.011459
0.011468
0.0097307
0.0034419
-0.003879
-0.011039
-0.0074959
-0.00035058
0.00017581
-0.012942
-0.027134
0.019072
0.011497
0.0038201
0.008487
0.0076841
0.010398
0.0090459
0.0094848
0.0053988
0.00011841
-0.0053333
-0.0051253
-0.0027112
0.00026563
0.00012935
-0.021078
-0.0098381
0.02309
0.014804
0.0031005
0.0041734
0.0021352
0.0019354
0.00064391
-6.4029e-05
-0.0031581
-0.0047122
-0.0063543
-0.016222
-0.002823
0.0011151
0.00097469
-0.02258
0.0094015
0.022386
0.019293
0.024435
0.021883
0.02339
0.019539
0.018767
0.014348
0.012431
0.008639
0.004802
0.0054872
-0.0096462
-0.0055002
0.002967
-0.0087235
0.014574
0.016848
0.021335
0.02525
0.02994
0.032844
0.036959
0.040285
0.044699
0.047881
0.04917
0.046332
0.037292
0.025172
0.0088364
-0.0042437
0
-0.0087235
-0.028335
-0.046439
-0.060942
-0.072048
-0.080742
-0.085554
-0.086701
-0.082874
-0.074699
-0.062712
-0.04874
-0.033834
-0.017589
-0.0042437
0
