0
4.181e-06
0.00032008
0.0013402
-0.0032934
-0.0069228
-0.0083386
-0.0064312
-0.0033847
-0.0010047
0.0013123
-0.00030367
0.00051228
0.00094011
0.00070083
-3.407e-05
0
4.181e-06
0.00018928
0.00096957
0.00052235
-0.0035321
-0.0087352
-0.015647
-0.019281
-0.021238
-0.011563
0.0018506
-0.00014625
0.002237
0.0022832
0.00058208
0.0001966
-3.407e-05
0.00084446
0.00016253
-0.00020036
-0.0087004
-0.00085857
-0.0020622
0.00051667
-0.0041191
-0.003214
-0.013005
-0.020945
0.0048536
2.5232e-06
-0.0017312
-0.0015672
0.0018288
-8.8231e-05
0.0018916
0.0038908
-0.016015
-0.0032201
-0.0011722
0.0036443
0.0032502
0.0051296
0.0031484
0.003288
-0.0087238
-0.019531
-0.0058627
-0.0027754
-0.0035062
0.00418
0.00055286
-0.00016447
-5.7505e-05
-0.0125
-0.0022981
0.0056717
0.0073307
0.0074494
0.010371
0.0078655
0.0092393
0.0057357
-0.0073672
-0.011174
-0.015571
-0.0062713
0.0049169
0.002795
0.0011721
-0.018589
-0.0034723
0.009969
0.0095115
0.0068543
0.012148
0.0093845
0.012175
0.0088461
0.012988
0.0036309
-0.0048049
-0.0086244
-0.0055816
0.0003572
0.0016279
-0.00095908
-0.02811
0.0025035
0.0058399
0.0034678
0.0099493
0.012249
0.0077766
0.012588
0.0081513
0.013015
0.010447
0.0032392
-0.0034441
-0.0047828
-0.0050251
-0.002992
-0.0044801
-0.032926
0.004026
0.0095853
0.010549
0.01266
0.0091554
0.0094766
0.013177
0.0086086
0.011334
0.0099797
0.0050478
0.00034658
-0.0026881
-0.011357
-0.0058174
-0.0077903
-0.034923
0.0096043
0.0071209
0.0044019
0.0095502
0.0095998
0.013516
0.015474
0.010159
0.012302
0.012674
0.0060574
-0.00056981
-0.0046883
-0.014323
-0.0046142
-0.010243
-0.033751
0.010654
0.0086602
0.010119
0.012979
0.0093852
0.011384
0.013667
0.0091554
0.01089
0.0099164
0.0052911
0.00028071
-0.0059501
-0.013592
-0.0023874
-0.01363
-0.029064
0.015471
0.0058142
0.0032377
0.0095983
0.0093153
0.0084659
0.0093921
0.0080976
0.012251
0.010881
0.0038396
-0.0038417
-0.012353
-0.0045139
-0.00062062
-0.021603
-0.016762
0.017627
0.0073512
0.0085526
0.010767
0.010651
0.012347
0.010956
0.012385
0.011984
0.0051609
-0.0018972
-0.0087692
-0.012189
0.0018183
0.00069417
-0.031243
0.00020305
0.022086
-0.00066728
-0.0015797
0.0073869
0.0058036
0.0094687
0.0070897
0.0088269
0.0034227
0.00011221
-0.0044698
-0.010986
-0.00044218
0.0008191
0.00090596
-0.034299
0.012715
0.019069
0.0093519
0.00076204
0.0010339
0.0029196
0.0016101
0.0032095
0.0013638
8.8408e-05
-0.00038506
-0.0072432
-0.010016
-0.0046755
-0.0023324
0.005496
-0.026025
0.017191
0.015607
0.011957
0.016157
0.010769
0.011457
0.0060676
0.006303
0.0010443
0.0022846
-0.0029701
-0.0041955
-0.0056249
-0.00683
-0.01312
0.0087489
-0.0095173
0.016054
0.020655
0.027607
0.033479
0.039733
0.042407
0.046123
0.046721
0.04851
0.047078
0.046089
0.042996
0.034808
0.02239
0.010382
-0.0042612
0
-0.0095173
-0.02863
-0.044502
-0.05755
-0.067423
-0.075509
-0.07908
-0.079259
-0.073715
-0.064646
-0.051403
-0.038574
-0.026283
-0.014664
-0.0042612
0
