0
2.0246e-06
0.00035821
0.0011823
-0.003572
-0.0074507
-0.0086676
-0.0066505
-0.0032587
-0.00095514
0.0014405
-0.0003591
0.00051076
0.0010305
0.00077084
-4.1848e-05
0
2.0246e-06
0.00022276
0.00099096
0.00013937
-0.0035681
-0.008864
-0.015586
-0.019618
-0.021706
-0.012921
0.0020194
-0.00029676
0.0023447
0.0023899
0.00052883
0.00022115
-4.1848e-05
0.00096732
2.8526e-05
-0.000918
-0.0079113
-0.0013217
-0.0016501
0.00064304
-0.0036414
-0.0030344
-0.011677
-0.022688
0.00485
0.00046672
-0.0023118
-0.0016026
0.0019628
-0.00013652
0.0014805
0.004029
-0.015962
-0.0033558
-0.00063155
0.0046942
0.0031781
0.0061103
0.0030381
0.0044893
-0.0076651
-0.019217
-0.0083717
-0.0021414
-0.0038863
0.0042149
0.00059031
9.1415e-05
-0.0023389
-0.010262
-0.00079002
0.0071426
0.0070961
0.0076605
0.01014
0.0080114
0.0089809
0.0069279
-0.0066797
-0.010456
-0.014761
-0.0062958
0.0045305
0.0028303
0.001543
-0.020146
-0.0019708
0.0097617
0.0082233
0.005864
0.012105
0.0083768
0.012182
0.0079008
0.012921
0.0043354
-0.0045896
-0.00858
-0.0051271
3.9255e-05
0.001418
-0.00072497
-0.02824
0.0024278
0.0052292
0.0043888
0.010851
0.01237
0.0077243
0.012758
0.0081805
0.012401
0.010623
0.0041308
-0.0036498
-0.0051685
-0.0049536
-0.0030916
-0.004339
-0.03313
0.0047126
0.0096358
0.010207
0.011279
0.0080128
0.0093537
0.012618
0.0087194
0.011077
0.0095869
0.0052185
0.0009894
-0.0027755
-0.011336
-0.0060214
-0.0076285
-0.034429
0.0093724
0.0063025
0.0049088
0.010071
0.010294
0.014082
0.014911
0.0098362
0.011951
0.012702
0.006518
-0.00082721
-0.0045262
-0.01439
-0.0046467
-0.01051
-0.033154
0.010889
0.0087272
0.0099623
0.011656
0.0083401
0.010992
0.013806
0.0092977
0.010664
0.0094833
0.0053651
0.00091161
-0.0059383
-0.01384
-0.0022558
-0.015094
-0.026848
0.015315
0.0049263
0.003939
0.010278
0.0098314
0.0076909
0.0098655
0.0074978
0.011724
0.010979
0.0045312
-0.0042308
-0.012402
-0.0043761
-0.00056505
-0.024243
-0.013374
0.017832
0.0071546
0.0080818
0.0092485
0.011122
0.011342
0.01117
0.011342
0.012342
0.005382
-0.0022128
-0.008522
-0.012226
0.0022013
0.00062673
-0.032991
0.0032155
0.021076
-0.0013256
0.00059941
0.0070154
0.0059632
0.0093828
0.007091
0.0086923
0.0041758
-0.00037681
-0.0038072
-0.012077
-0.00065201
0.0011438
0.001282
-0.034755
0.014049
0.018561
0.0077902
0.0005437
0.0018926
0.0027229
0.0024302
0.0031116
0.0021588
-1.3852e-05
-0.00046185
-0.0079094
-0.0093684
-0.0069457
-0.0025185
0.0065982
-0.02616
0.017789
0.014922
0.011256
0.014842
0.0093691
0.010244
0.0047915
0.005291
8.0682e-05
0.0013157
-0.0038086
-0.0028355
-0.0070251
-0.0055952
-0.013614
0.0090782
-0.0095799
0.016204
0.021041
0.028132
0.034174
0.040302
0.04298
0.046421
0.046856
0.048255
0.046785
0.045772
0.041993
0.034746
0.022457
0.010305
-0.0042138
0
-0.0095799
-0.028597
-0.044146
-0.057087
-0.06685
-0.07482
-0.078235
-0.078271
-0.072616
-0.063472
-0.050365
-0.037856
-0.025641
-0.014703
-0.0042138
0
