0
-1.3269e-05
0.00068067
-1.1722e-05
-0.0041457
-0.0085135
-0.0093922
-0.0072005
-0.0028678
-0.00051556
0.0017034
-0.00055466
0.00040328
0.0014907
0.00081691
-5.4764e-05
0
-1.3269e-05
0.00039064
0.0011976
-0.00083698
-0.0035701
-0.0089048
-0.014783
-0.020033
-0.022257
-0.01609
0.0016894
-0.00080513
0.0023957
0.0029463
0.00032072
0.0002358
-5.4764e-05
0.0013825
8.5671e-05
-0.0057909
-0.0029837
-0.002545
-0.00067849
0.00048454
-0.0024243
-0.0030893
-0.0086631
-0.024996
0.0048539
0.0022731
-0.0046568
-0.00038706
0.0020672
-0.00029822
0.00028975
0.0027818
-0.010914
-0.0043153
-0.000294
0.0065915
0.002446
0.0080158
0.0023125
0.006712
-0.0058143
-0.017769
-0.013373
-0.0033236
-0.0047624
0.0044917
0.0007323
0.0014268
-0.0078983
-0.0061293
0.0021232
0.010419
0.0064204
0.0082668
0.0095227
0.0084259
0.0082199
0.0093152
-0.0052625
-0.0093464
-0.010876
-0.0069154
0.0031472
0.0031957
0.0024215
-0.022205
-0.00017568
0.0084156
0.0048049
0.0038368
0.011688
0.0060678
0.011966
0.0057624
0.012261
0.0061865
-0.0047779
-0.0080839
-0.0010412
-0.0011786
-0.00010038
0.00014193
-0.028795
0.0023622
0.004662
0.006714
0.012742
0.012069
0.0083056
0.013086
0.0088403
0.0099637
0.010991
0.0055348
-0.0057004
-0.0059404
-0.004512
-0.0031604
-0.0036058
-0.033282
0.0054605
0.009111
0.008564
0.0077671
0.0063941
0.010156
0.011384
0.010602
0.010541
0.0088633
0.0058772
0.0021607
-0.0037057
-0.010702
-0.0061498
-0.0073982
-0.033328
0.0087806
0.0052461
0.0064131
0.011541
0.01231
0.015356
0.012587
0.0095623
0.01082
0.012608
0.007176
-0.0024335
-0.0040096
-0.014057
-0.0045009
-0.012577
-0.029988
0.011232
0.0082895
0.0086785
0.0082286
0.0066951
0.01076
0.014094
0.010963
0.010307
0.0087031
0.0057502
0.002096
-0.00667
-0.013516
-0.0017689
-0.021109
-0.019048
0.015204
0.0036872
0.0058893
0.011965
0.011298
0.0065628
0.011514
0.0069288
0.0097142
0.01106
0.0055811
-0.0067292
-0.012632
-0.0034132
-0.00020397
-0.031002
-0.0041407
0.017245
0.0061026
0.0057987
0.0054222
0.012403
0.0085669
0.012075
0.0084369
0.012865
0.006163
-0.0036174
-0.0079676
-0.0089786
0.0024176
6.1808e-05
-0.036562
0.0097508
0.017812
-0.00013899
0.0059742
0.0049397
0.0065522
0.008169
0.0072399
0.0073548
0.0060599
-0.0017301
-0.003298
-0.017455
-0.00071228
0.0019582
0.0026492
-0.03556
0.017376
0.016582
0.0026732
0.0020339
0.0035072
0.0030917
0.0041524
0.0035485
0.0038286
0.00089253
-0.00092542
-0.011341
-0.0058493
-0.013073
-0.0032082
0.0097084
-0.02635
0.019067
0.013711
0.0088981
0.011235
0.0059159
0.0072452
0.0019133
0.0030628
-0.0019009
-0.00033746
-0.0075129
-0.00093834
-0.009435
-0.003032
-0.013568
0.0092219
-0.0096795
0.016476
0.021788
0.029552
0.035526
0.041477
0.043777
0.046617
0.04636
0.04698
0.045158
0.045726
0.041152
0.03466
0.022404
0.0097504
-0.003989
0
-0.0096795
-0.028374
-0.043081
-0.055741
-0.065202
-0.072814
-0.075819
-0.075484
-0.069466
-0.060105
-0.047071
-0.036082
-0.024257
-0.014575
-0.003989
0
