0
-3.1039e-06
0.0001205
0.00073356
0.001324
-0.0015736
-0.0040187
-0.0044324
-0.0031141
-0.00080674
0.00022053
0.00028236
0.0001576
0.00014072
2.3053e-05
-9.3113e-07
0
-3.1039e-06
6.18e-05
0.00059165
0.0021666
0.0023538
-0.0040371
-0.010431
-0.01393
-0.012004
-0.0046298
-0.00029573
0.00069143
0.00051391
0.00041752
9.4038e-05
9.7806e-06
-9.3113e-07
0.00019028
0.00048359
0.00039768
-0.0011667
-0.0067221
-0.0034948
-0.0042541
-0.0066434
-0.010766
-0.015716
-0.0081136
-0.0010779
0.0003625
0.00016521
0.00019128
0.00010055
1.9295e-05
0.00079768
0.0019844
-0.0014169
-0.0082426
-0.010623
-0.0041407
-0.0008337
-0.00030415
-0.00045199
-0.0056597
-0.013657
-0.010249
-0.00087411
-0.0010282
0.00029362
0.00053711
0.0001468
0.00055639
0.0018449
0.0017357
-0.017615
-0.0075942
0.001396
0.0042214
0.0071786
0.0058716
0.005089
-0.0034439
-0.01126
-0.012767
-0.0051504
-0.0005748
0.0015734
0.00054005
0.0017347
0.0034159
-0.016801
-0.012277
0.0018695
0.0091057
0.011816
0.014192
0.012816
0.01284
0.0081803
-0.0014626
-0.0081369
-0.011138
-0.0057497
0.0017693
0.00093585
0.00028488
-0.0013605
-0.028749
-0.0011555
0.01044
0.013042
0.013813
0.014044
0.013992
0.014248
0.013994
0.0068867
-0.00053705
-0.0045804
-0.0039839
-0.0045518
-0.0016252
-0.0036451
-0.020384
-0.013826
0.012153
0.012368
0.011388
0.01253
0.013122
0.013919
0.0131
0.014544
0.0091465
0.0017306
-0.0029462
-0.0053854
-0.0094816
-0.0033402
-0.0067166
-0.031429
-0.0037178
0.012365
0.0087951
0.012015
0.014346
0.015037
0.015538
0.014225
0.015917
0.011696
0.0039495
-0.0017867
-0.0076987
-0.011416
-0.0034692
-0.0092283
-0.035928
0.0020798
0.01571
0.010398
0.012039
0.01302
0.013364
0.013595
0.012941
0.014125
0.0095947
0.0024728
-0.0034065
-0.010511
-0.0087254
-0.002238
-0.010483
-0.036768
0.0095294
0.01407
0.0063711
0.011144
0.013533
0.014081
0.014308
0.014262
0.014154
0.008893
0.0012742
-0.005749
-0.012142
-0.0036728
-0.00069081
-0.010691
-0.034754
0.013999
0.01559
0.007508
0.0088275
0.010372
0.012115
0.01157
0.01155
0.0095713
0.0030264
-0.0040872
-0.010853
-0.0072751
-0.00056412
0.00010492
-0.012356
-0.028428
0.018784
0.013116
0.004119
0.0085367
0.0077085
0.010279
0.0090729
0.009397
0.0053293
0.00022475
-0.0049636
-0.0050409
-0.0028881
0.00013596
0.00010257
-0.019574
-0.011958
0.022568
0.015321
0.0046721
0.0047255
0.0029457
0.0021217
0.0010025
-0.00021013
-0.0030238
-0.0049682
-0.0067278
-0.015936
-0.003225
0.0010578
0.00084429
-0.021823
0.0080941
0.023007
0.019515
0.024759
0.022471
0.024273
0.020694
0.020089
0.015824
0.013997
0.010032
0.0066536
0.0060392
-0.0087141
-0.0051487
0.0024042
-0.0087127
0.01468
0.016606
0.020785
0.024337
0.028886
0.031597
0.035712
0.039047
0.043702
0.047111
0.048807
0.046082
0.037516
0.02543
0.0087296
-0.0042744
0
-0.0087127
-0.028308
-0.046506
-0.061213
-0.072392
-0.081148
-0.085984
-0.087208
-0.083476
-0.075474
-0.063609
-0.049751
-0.034629
-0.018124
-0.0042744
0
