0
-9.293e-07
3.2135e-05
0.00018987
0.0003597
-0.00027783
-0.0015182
-0.0021315
-0.0017469
-0.00090749
-0.00027362
7.3043e-06
7.4169e-05
4.91e-05
1.0656e-05
-1.4113e-07
0
-9.293e-07
1.3789e-05
0.00012951
0.00056562
0.00087905
-0.0011657
-0.0050124
-0.0072886
-0.0064755
-0.0037691
-0.0013954
-0.00019978
0.00015686
0.00013039
3.4597e-05
4.0401e-06
-1.4113e-07
3.3528e-05
0.00012753
0.00018329
9.4536e-05
-0.00098629
-0.0029338
-0.005272
-0.008119
-0.0097476
-0.0079942
-0.0043385
-0.0016318
-0.00042987
-7.8114e-05
1.8064e-05
3.4688e-05
1.0621e-05
0.00019361
0.00056966
0.00012069
-0.0018197
-0.0059747
-0.0058532
-0.0039654
-0.003644
-0.00545
-0.0083952
-0.0080764
-0.004872
-0.0022044
-0.00081994
-0.00010333
0.00012611
4.9566e-05
0.00037198
0.0010665
-0.00011921
-0.0055769
-0.010511
-0.0060409
-0.0013695
0.00077267
0.00091855
-0.0024942
-0.0067437
-0.0073069
-0.0048262
-0.002252
-0.00060068
5.6565e-05
5.068e-05
0.0003902
0.00091481
-0.0018513
-0.013794
-0.0098934
-0.00031704
0.0060086
0.0088652
0.0089357
0.0060685
-0.00032252
-0.0053057
-0.0062732
-0.0042974
-0.002044
-0.00086973
-0.00020885
0.00011436
-0.00080176
-0.0092702
-0.017794
-0.0016483
0.0099601
0.015238
0.017248
0.016951
0.014898
0.0082625
0.00065263
-0.0035473
-0.0041412
-0.0041952
-0.0035759
-0.001065
-0.00061067
-0.0046394
-0.022755
-0.0098433
0.010655
0.017261
0.018035
0.0182
0.018331
0.018324
0.01341
0.0052811
-0.0007975
-0.0036859
-0.0067893
-0.0065786
-0.0019749
-0.0026512
-0.012016
-0.028402
0.0018644
0.016296
0.015406
0.01502
0.016137
0.017091
0.018326
0.014953
0.007357
0.00082505
-0.0039743
-0.0091544
-0.0078145
-0.0022513
-0.005454
-0.02136
-0.023099
0.010924
0.017547
0.014413
0.015861
0.017334
0.017424
0.017791
0.014365
0.0069519
0.00018959
-0.0057442
-0.010001
-0.0066595
-0.0017944
-0.0078783
-0.029072
-0.013004
0.017954
0.016936
0.011511
0.013796
0.016156
0.016368
0.01577
0.011834
0.0049626
-0.0013972
-0.0072179
-0.0085521
-0.0044594
-0.0011159
-0.0095213
-0.0332
-0.00096843
0.021808
0.014972
0.0099788
0.011585
0.013068
0.013344
0.011936
0.0077737
0.0015914
-0.0041565
-0.0082447
-0.0060166
-0.0024868
-0.00056228
-0.010375
-0.032003
0.0099445
0.023213
0.013965
0.0089954
0.0083154
0.0079075
0.0074108
0.005837
0.0027765
-0.0012922
-0.0042916
-0.0045419
-0.0037649
-0.0018449
-0.00045657
-0.0111
-0.023228
0.017489
0.022524
0.017737
0.016296
0.014321
0.012079
0.0093908
0.0062514
0.0028089
-0.00084639
-0.0041435
-0.0096718
-0.0063514
-0.0014446
-0.00020295
-0.012534
-0.0054171
0.021528
0.020735
0.023267
0.02503
0.027239
0.028386
0.02926
0.029218
0.028369
0.026149
0.022089
0.015291
0.0017306
-0.0053619
-0.0014626
-0.0080697
0.014314
0.019748
0.016485
0.017387
0.018802
0.020569
0.023035
0.026394
0.030927
0.03568
0.039051
0.039372
0.035878
0.027253
0.0090491
-0.0049903
0
-0.0080697
-0.02973
-0.046995
-0.063274
-0.075548
-0.084499
-0.08971
-0.090959
-0.087912
-0.080766
-0.07022
-0.057168
-0.041759
-0.023526
-0.0049903
0
