0
-7.4926e-06
0.0002481
0.0012966
0.0002353
-0.0034599
-0.0059884
-0.0053487
-0.0036403
-0.00075364
0.00062601
0.0002321
0.00026612
0.00044375
9.4729e-05
-3.644e-06
0
-7.4926e-06
0.00016375
0.0014093
0.0025758
-0.00040903
-0.0064424
-0.013505
-0.016747
-0.01616
-0.0053778
0.00075833
0.00090075
0.00095665
0.0012224
0.0002869
3.2687e-05
-3.644e-06
0.00058672
0.00082158
-0.0022532
-0.0047808
-0.0050179
-0.0039548
-0.0023419
-0.0058642
-0.0073014
-0.018313
-0.011569
0.0015651
0.00064127
-1.982e-05
0.00049215
0.00037052
3.8528e-05
0.00074064
0.0017295
0.00080244
-0.013951
-0.0067537
-0.00095013
0.0021144
0.0017429
0.0022187
-0.0023895
-0.013984
-0.016536
0.00086292
-0.003888
0.00014805
0.0018843
0.00034532
0.0018396
0.0039277
-0.013216
-0.0095877
-0.00080287
0.0064231
0.0068389
0.009711
0.0076847
0.0083033
0.00038708
-0.0099127
-0.014524
-0.012876
-0.0033942
0.0043437
0.0016082
0.00055038
0.0017267
-0.024145
-0.0026781
0.0074548
0.010159
0.011085
0.013048
0.011506
0.012458
0.010117
0.0011716
-0.0069354
-0.0091159
-0.0075938
0.0022082
0.0016933
-0.0017103
-0.018543
-0.0092449
0.011728
0.010877
0.010476
0.012097
0.011461
0.01233
0.011491
0.014007
0.0080733
0.00022899
-0.0036283
-0.0033016
-0.0050513
-0.0021692
-0.0045098
-0.030374
0.00039433
0.0093799
0.005698
0.010515
0.01195
0.011484
0.013654
0.010536
0.013294
0.010867
0.0027181
-0.0020439
-0.0037353
-0.010526
-0.004245
-0.0076479
-0.034822
0.0029831
0.012902
0.010055
0.012883
0.012346
0.013277
0.015601
0.012402
0.013795
0.011808
0.0048532
-0.00086444
-0.0060375
-0.012858
-0.0039815
-0.0099083
-0.036592
0.010123
0.010558
0.0048234
0.010631
0.011468
0.012406
0.012536
0.010779
0.01297
0.01105
0.0032429
-0.0021579
-0.0081375
-0.010585
-0.0025081
-0.010737
-0.035021
0.012271
0.012216
0.0085121
0.012065
0.011408
0.01231
0.012298
0.012605
0.013259
0.0090585
0.0020085
-0.0042304
-0.01311
-0.003531
-0.00058936
-0.011556
-0.031294
0.017286
0.0092852
0.0021244
0.0092174
0.010767
0.010787
0.011675
0.010987
0.0096395
0.0051053
-0.0029226
-0.010975
-0.0088893
0.00042245
0.00044474
-0.017869
-0.019629
0.019944
0.011742
0.0054143
0.005205
0.0091014
0.0083223
0.0099295
0.0075581
0.006447
0.00019548
-0.0068912
-0.0057198
-0.0018261
0.0004743
0.00019301
-0.027441
9.275e-05
0.024125
0.0045338
0.0031097
0.0013989
0.0017898
0.0013922
0.0014133
0.00027202
-0.00056597
-0.0046698
-0.0055682
-0.015604
-0.0010944
0.00040819
0.0017041
-0.024808
0.013108
0.021356
0.018846
0.021242
0.019197
0.018623
0.014949
0.013091
0.0089164
0.0067682
0.0017073
-0.0005119
0.0031924
-0.011438
-0.0077871
0.0052583
-0.0088235
0.014418
0.017827
0.023857
0.028599
0.034109
0.037352
0.041463
0.044209
0.047634
0.049157
0.050217
0.046397
0.035742
0.023871
0.0094384
-0.0042061
0
-0.0088235
-0.028569
-0.046038
-0.059753
-0.070668
-0.078982
-0.083627
-0.084346
-0.079967
-0.071195
-0.05835
-0.044897
-0.030697
-0.015799
-0.0042061
0
