0
-7.3607e-06
0.00088073
-0.00056415
-0.004357
-0.0087745
-0.0095535
-0.0073437
-0.0027636
-0.00029892
0.0016843
-0.00050634
0.00032943
0.0017005
0.00077052
-5.4185e-05
0
-7.3607e-06
0.00042624
0.001196
-0.00093335
-0.0035519
-0.0088968
-0.014432
-0.02004
-0.022227
-0.017008
0.0013
-0.00071148
0.0024046
0.0031652
0.00027793
0.00021666
-5.4185e-05
0.001481
0.00027439
-0.0077143
-0.001326
-0.0027205
-0.00028075
0.00040897
-0.0019863
-0.0031456
-0.0077667
-0.024774
0.0039817
0.0028236
-0.0054935
0.0003548
0.0020299
-0.00035402
9.8086e-05
0.00198
-0.0088009
-0.0043318
-0.00032028
0.0069471
0.0021318
0.0083642
0.002027
0.0071299
-0.0053598
-0.016954
-0.014001
-0.0046696
-0.0051124
0.004659
0.00080885
0.0018654
-0.0092637
-0.0052925
0.0025996
0.010993
0.0061645
0.0083292
0.0092926
0.008443
0.0079522
0.0097049
-0.0048453
-0.00911
-0.009688
-0.0067593
0.0026019
0.0033083
0.0026634
-0.022542
7.0427e-05
0.0081409
0.0040566
0.0034925
0.011503
0.0055987
0.011845
0.0053261
0.011939
0.0067136
-0.0050096
-0.0074972
-1.5225e-05
-0.0014599
-0.00061222
0.00043953
-0.028972
0.0024561
0.0045606
0.0070849
0.012952
0.011755
0.0085499
0.013037
0.0090986
0.0090589
0.011185
0.0055997
-0.006324
-0.0056917
-0.0044814
-0.0032745
-0.0033281
-0.033255
0.0055162
0.0089531
0.008083
0.0070287
0.0063483
0.010531
0.011017
0.011437
0.010247
0.0087955
0.0059591
0.0023047
-0.0039285
-0.010469
-0.0061485
-0.0074918
-0.032893
0.0087669
0.0050422
0.0066261
0.011788
0.012708
0.015363
0.011568
0.009668
0.010366
0.012648
0.0071549
-0.0029389
-0.0037146
-0.013936
-0.0044484
-0.013749
-0.028419
0.011386
0.0081207
0.0082624
0.0074938
0.0065762
0.01075
0.013949
0.01162
0.010078
0.0086176
0.0057751
0.0022589
-0.0068674
-0.013348
-0.0016219
-0.023255
-0.01633
0.015278
0.003405
0.0061947
0.012207
0.011576
0.0065258
0.011892
0.0070461
0.008996
0.011154
0.0056165
-0.0074514
-0.012231
-0.0034249
-9.4314e-05
-0.032714
-0.0016102
0.016844
0.0058569
0.0051262
0.0045673
0.012583
0.0079094
0.012245
0.0077272
0.012768
0.0064192
-0.0040775
-0.0074774
-0.0078958
0.002169
-5.9318e-05
-0.037379
0.011351
0.01699
0.00027886
0.0070899
0.0042702
0.006613
0.0076958
0.0072015
0.0068582
0.0064172
-0.0018788
-0.0032115
-0.018945
-0.00046323
0.0016886
0.0031614
-0.035718
0.018274
0.015823
0.001707
0.0025185
0.0037906
0.0032667
0.0044664
0.0037187
0.00415
0.0012848
-0.00086615
-0.012587
-0.004264
-0.014006
-0.0037104
0.010438
-0.026361
0.019371
0.013411
0.0080857
0.010358
0.005075
0.0065691
0.0012877
0.0026512
-0.0022321
-0.00042124
-0.0082353
-0.0012056
-0.010032
-0.0025833
-0.013495
0.0092145
-0.0096939
0.01653
0.021947
0.029932
0.035809
0.04174
0.043871
0.04656
0.046048
0.046459
0.044397
0.045399
0.041217
0.034655
0.02222
0.0096784
-0.0039541
0
-0.0096939
-0.028273
-0.042756
-0.055325
-0.064675
-0.072175
-0.075056
-0.074633
-0.068527
-0.059145
-0.04608
-0.035526
-0.023969
-0.014444
-0.0039541
0
