0
-2.0773e-06
7.923e-05
0.00046062
0.00099034
-0.00076953
-0.0028892
-0.0035678
-0.0025754
-0.00092575
-5.3665e-05
0.00017712
0.00017875
0.00010276
1.7439e-05
-5.5169e-07
0
-2.0773e-06
3.6054e-05
0.00034051
0.0014066
0.0021796
-0.0024698
-0.0083271
-0.011478
-0.0096294
-0.0045285
-0.00098328
0.00033447
0.00051404
0.00030465
6.8434e-05
7.296e-06
-5.5169e-07
9.7934e-05
0.00031267
0.0003642
-0.00013824
-0.0038475
-0.0038654
-0.0051359
-0.0078147
-0.011906
-0.012781
-0.006353
-0.0014416
-4.8535e-05
8.9266e-05
0.00011173
7.0312e-05
1.6371e-05
0.00049323
0.0013204
-0.00025994
-0.004288
-0.011275
-0.0056298
-0.0022909
-0.0015321
-0.0023009
-0.0074454
-0.011975
-0.0079526
-0.0026412
-0.00088994
0.00011255
0.00033066
0.00010486
0.00063548
0.0019532
0.00063858
-0.013923
-0.010173
-0.001876
0.0023781
0.0048458
0.0045073
0.0023616
-0.005204
-0.010511
-0.0087283
-0.0034526
-0.00042294
0.00072262
0.0002687
0.00076191
0.0016389
-0.0053154
-0.017984
-0.00366
0.0062047
0.010505
0.013228
0.012347
0.011431
0.0053452
-0.0034181
-0.0084279
-0.0089628
-0.0034783
0.00040346
0.00029421
0.0012295
0.0011891
-0.026007
-0.0087465
0.0081802
0.014159
0.015639
0.016444
0.01593
0.016119
0.013234
0.005121
-0.0017636
-0.0045463
-0.0042538
-0.0043676
-0.0014409
-0.001665
-0.0091604
-0.027619
0.0040804
0.013749
0.012918
0.013116
0.014022
0.014196
0.015074
0.014912
0.0081308
0.0006095
-0.0032613
-0.0062482
-0.0085997
-0.00281
-0.0055304
-0.02446
-0.014747
0.01333
0.013062
0.012369
0.01523
0.016371
0.015872
0.015834
0.016506
0.010689
0.0028549
-0.0025311
-0.0088554
-0.010108
-0.0030118
-0.0081811
-0.032506
-0.0058159
0.01569
0.011713
0.011866
0.014115
0.014522
0.014693
0.0146
0.014636
0.0088647
0.0015036
-0.0043207
-0.011109
-0.00779
-0.0020423
-0.00994
-0.03613
0.0029446
0.018452
0.010042
0.010922
0.01436
0.015061
0.015473
0.015352
0.014163
0.007847
0.00034663
-0.0065416
-0.010692
-0.0040862
-0.00088505
-0.010521
-0.035727
0.010548
0.017992
0.0080529
0.00869
0.010931
0.012444
0.012363
0.011648
0.0087959
0.0021365
-0.0046561
-0.010066
-0.0065558
-0.0013608
-0.00016563
-0.011267
-0.031359
0.0165
0.018632
0.0075584
0.0074905
0.0080103
0.0090662
0.0089757
0.0081882
0.0051613
0.00013757
-0.0041853
-0.0045705
-0.0032957
-0.00053682
-6.7575e-05
-0.015052
-0.018371
0.020897
0.017532
0.010377
0.0086155
0.0064532
0.0045943
0.0028704
0.00065034
-0.0019038
-0.0052704
-0.0072776
-0.014174
-0.0048285
0.0004263
0.00047108
-0.018286
0.0025822
0.023503
0.020505
0.024787
0.024385
0.026482
0.024785
0.024432
0.021653
0.019692
0.016234
0.013173
0.0089366
-0.0044445
-0.0046423
0.00056714
-0.0086731
0.015133
0.016941
0.018533
0.021335
0.024753
0.027164
0.030745
0.034271
0.039173
0.043457
0.046188
0.044427
0.03773
0.026218
0.0085923
-0.0044784
0
-0.0086731
-0.028597
-0.046575
-0.062175
-0.073686
-0.082538
-0.087518
-0.088803
-0.085435
-0.077873
-0.066582
-0.053135
-0.037637
-0.020254
-0.0044784
0
