0
0.00055622
-0.0058779
-0.016322
-0.009132
-0.00049429
0.0011546
0.00017775
0
0.00055622
-0.0017902
-0.0041536
-0.017246
-0.032445
-0.021787
-0.00078807
0.00012333
0.00017775
0.004367
-0.019479
-0.0016984
0.015844
0.012568
-0.0042463
-0.028492
-0.0033281
0.0020218
0.0018427
-0.048164
0.015703
0.040154
0.037622
0.029974
0.011664
-0.011165
-0.011745
-0.031667
-0.037016
0.040837
0.051541
0.048527
0.020718
0.0041208
-0.02285
-0.010941
-0.074126
0.014876
0.053837
0.036037
0.053619
0.036129
0.0058144
-0.025752
-0.0030135
-0.078764
0.054306
0.045827
0.00561
0.025986
-0.011286
-0.03306
-0.028909
0.010642
-0.036391
0.064802
0.08097
0.093583
0.092256
0.083943
0.070141
0.028286
-0.013521
0
-0.036391
-0.097716
-0.12508
-0.13006
-0.094434
-0.05406
-0.013521
0
