0
4.4857e-11
-2.1077e-09
-1.1641e-08
-1.9642e-08
7.5717e-09
1.2336e-07
3.8785e-07
8.5574e-07
1.5699e-06
2.5609e-06
3.8484e-06
5.4364e-06
7.2961e-06
9.3329e-06
1.1343e-05
1.2969e-05
1.369e-05
1.2858e-05
9.8465e-06
4.2571e-06
-3.8468e-06
-1.3825e-05
-2.4536e-05
-3.4602e-05
-4.2735e-05
-4.8016e-05
-5.0039e-05
-4.891e-05
-4.5142e-05
-3.9499e-05
-3.2826e-05
-2.5908e-05
-1.9366e-05
-1.3614e-05
-8.858e-06
-5.1341e-06
-2.3616e-06
-3.9515e-07
9.3116e-07
1.7712e-06
2.2463e-06
2.4402e-06
2.4087e-06
2.1971e-06
1.8551e-06
1.4414e-06
1.0184e-06
6.4129e-07
3.4745e-07
1.511e-07
4.4088e-08
2.241e-09
-4.609e-09
-1.4594e-09
-8.0177e-12
0
4.4857e-11
-8.2407e-10
-7.6496e-09
-3.3062e-08
-4.5577e-08
8.004e-08
5.4867e-07
1.5955e-06
3.4371e-06
6.2441e-06
1.0137e-05
1.5189e-05
2.1408e-05
2.8668e-05
3.6583e-05
4.4338e-05
5.0529e-05
5.3113e-05
4.9591e-05
3.7546e-05
1.5474e-05
-1.6352e-05
-5.5438e-05
-9.7378e-05
-0.00013684
-0.00016884
-0.00018978
-0.00019803
-0.00019394
-0.00017945
-0.00015749
-0.00013135
-0.00010411
-7.8221e-05
-5.5358e-05
-3.6372e-05
-2.1439e-05
-1.0268e-05
-2.3018e-06
3.1053e-06
6.558e-06
8.5371e-06
9.3786e-06
9.3103e-06
8.519e-06
7.2066e-06
5.6084e-06
3.9712e-06
2.5113e-06
1.3739e-06
6.1324e-07
1.9602e-07
2.76e-08
-7.8676e-09
-3.5301e-09
-4.6635e-10
-8.0177e-12
-2.1078e-09
-7.6502e-09
-7.9571e-09
6.234e-09
8.7067e-08
4.338e-07
1.4047e-06
3.4368e-06
6.9483e-06
1.2274e-05
1.9644e-05
2.9175e-05
4.0831e-05
5.4301e-05
6.8765e-05
8.2602e-05
9.3128e-05
9.6548e-05
8.8343e-05
6.4257e-05
2.1768e-05
-3.8445e-05
-0.0001118
-0.00019038
-0.00026463
-0.00032549
-0.0003663
-0.00038376
-0.00037811
-0.00035256
-0.00031225
-0.00026319
-0.00021118
-0.00016105
-0.00011616
-7.8382e-05
-4.8274e-05
-2.5434e-05
-8.8949e-06
2.5318e-06
9.9918e-06
1.4421e-05
1.6499e-05
1.6709e-05
1.5455e-05
1.316e-05
1.0297e-05
7.3429e-06
4.7052e-06
2.6503e-06
1.2703e-06
4.9635e-07
1.5292e-07
3.8159e-08
5.1726e-09
-3.5303e-09
-1.4593e-09
-1.1653e-08
-3.3069e-08
6.3785e-09
1.6475e-07
5.0564e-07
1.2337e-06
2.7669e-06
5.6715e-06
1.0529e-05
1.7817e-05
2.785e-05
4.0732e-05
5.6292e-05
7.3918e-05
9.2274e-05
0.00010896
0.00012025
0.00012118
0.00010609
7.0003e-05
1.028e-05
-7.1754e-05
-0.00017019
-0.00027526
-0.00037524
-0.00045884
-0.00051728
-0.00054563
-0.0005432
-0.00051313
-0.00046145
-0.00039576
-0.00032389
-0.00025274
-0.0001875
-0.00013136
-8.5631e-05
-5.0168e-05
-2.3881e-05
-5.2447e-06
7.3048e-06
1.5111e-05
1.9207e-05
2.0383e-05
1.9317e-05
1.6691e-05
1.3211e-05
9.5553e-06
6.2742e-06
3.7112e-06
1.9705e-06
9.491e-07
4.2365e-07
1.664e-07
3.814e-08
-7.8764e-09
-4.6102e-09
-1.9601e-08
-4.519e-08
8.8655e-08
5.0799e-07
1.2748e-06
2.5419e-06
4.6833e-06
8.289e-06
1.4029e-05
2.2481e-05
3.399e-05
4.857e-05
6.579e-05
8.4592e-05
0.00010303
0.00011799
0.00012509
0.00011896
9.4069e-05
4.6112e-05
-2.6495e-05
-0.0001215
-0.00023263
-0.00035036
-0.00046348
-0.00056082
-0.00063301
-0.00067371
-0.00068042
-0.00065463
-0.00060134
-0.0005281
-0.00044364
-0.00035644
-0.00027354
-0.00019987
-0.00013803
-8.8664e-05
-5.0989e-05
-2.3452e-05
-4.2553e-06
8.2748e-06
1.5542e-05
1.8706e-05
1.8794e-05
1.6784e-05
1.3615e-05
1.0118e-05
6.9286e-06
4.4113e-06
2.6576e-06
1.5462e-06
8.6175e-07
4.2383e-07
1.5281e-07
2.7468e-08
2.2032e-09
8.7421e-09
8.4996e-08
4.4402e-07
1.2453e-06
2.5462e-06
4.4175e-06
7.1121e-06
1.1133e-05
1.7135e-05
2.5707e-05
3.7148e-05
5.1272e-05
6.7247e-05
8.3426e-05
9.7191e-05
0.00010487
0.00010193
8.3573e-05
4.5718e-05
-1.3812e-05
-9.4491e-05
-0.00019293
-0.0003034
-0.00041853
-0.00053011
-0.00062961
-0.00070893
-0.00076123
-0.00078188
-0.00076935
-0.00072564
-0.00065614
-0.00056879
-0.00047266
-0.0003764
-0.00028698
-0.00020893
-0.00014436
-9.3397e-05
-5.4899e-05
-2.7105e-05
-8.1257e-06
3.8106e-06
1.0302e-05
1.2797e-05
1.2613e-05
1.091e-05
8.6237e-06
6.4054e-06
4.5948e-06
3.2593e-06
2.2929e-06
1.5499e-06
9.5087e-07
4.9612e-07
1.9536e-07
4.3875e-08
1.3034e-07
5.7535e-07
1.4487e-06
2.8041e-06
4.68e-06
7.0618e-06
1.0052e-05
1.3992e-05
1.9406e-05
2.6783e-05
3.6253e-05
4.7304e-05
5.8561e-05
6.7693e-05
7.144e-05
6.5862e-05
4.6915e-05
1.135e-05
-4.2272e-05
-0.00011295
-0.00019743
-0.00029118
-0.00038958
-0.00048852
-0.00058425
-0.0006727
-0.000749
-0.0008075
-0.00084239
-0.00084893
-0.00082479
-0.00077109
-0.00069268
-0.00059742
-0.00049461
-0.00039315
-0.0003
-0.00021952
-0.00015352
-0.00010187
-6.3264e-05
-3.5802e-05
-1.739e-05
-5.9476e-06
4.6153e-07
3.5287e-06
4.6211e-06
4.7313e-06
4.473e-06
4.1288e-06
3.7482e-06
3.2762e-06
2.6746e-06
1.9791e-06
1.2717e-06
6.1218e-07
1.5067e-07
4.1158e-07
1.6832e-06
3.5682e-06
5.7594e-06
8.2267e-06
1.0867e-05
1.3644e-05
1.6712e-05
2.0394e-05
2.4952e-05
3.0214e-05
3.5201e-05
3.7905e-05
3.5298e-05
2.3658e-05
-7.8594e-07
-4.0897e-05
-9.7537e-05
-0.0001688
-0.00025012
-0.00033551
-0.00041954
-0.00049886
-0.00057263
-0.00064157
-0.00070659
-0.00076729
-0.00082115
-0.00086342
-0.00088779
-0.00088803
-0.00085984
-0.00080272
-0.00072065
-0.00062144
-0.00051482
-0.00041014
-0.00031463
-0.00023266
-0.00016597
-0.00011431
-7.6139e-05
-4.92e-05
-3.0942e-05
-1.8906e-05
-1.1002e-05
-5.6627e-06
-1.8716e-06
9.1498e-07
2.9084e-06
4.1473e-06
4.641e-06
4.4585e-06
3.7419e-06
2.6636e-06
1.3774e-06
3.4802e-07
9.1029e-07
3.6348e-06
7.2236e-06
1.0661e-05
1.3763e-05
1.6312e-05
1.8154e-05
1.9281e-05
1.9786e-05
1.9623e-05
1.8204e-05
1.3989e-05
4.3129e-06
-1.4412e-05
-4.6041e-05
-9.3657e-05
-0.00015833
-0.00023807
-0.00032748
-0.00041866
-0.00050338
-0.00057568
-0.00063349
-0.00067864
-0.00071542
-0.00074882
-0.00078278
-0.00081891
-0.00085566
-0.00088812
-0.00090876
-0.00090913
-0.00088248
-0.00082634
-0.00074384
-0.00064297
-0.00053414
-0.0004274
-0.00033043
-0.0002478
-0.00018124
-0.00013018
-9.254e-05
-6.5446e-05
-4.5934e-05
-3.1504e-05
-2.0386e-05
-1.1552e-05
-4.539e-06
7.8279e-07
4.4313e-06
6.4606e-06
7.0232e-06
6.3604e-06
4.7629e-06
2.5386e-06
6.4794e-07
1.6554e-06
6.5449e-06
1.2639e-05
1.7826e-05
2.1662e-05
2.3763e-05
2.3863e-05
2.1824e-05
1.7538e-05
1.0631e-05
5.3729e-08
-1.6298e-05
-4.1644e-05
-7.9876e-05
-0.00013457
-0.00020764
-0.00029802
-0.00040076
-0.00050717
-0.00060642
-0.00068859
-0.00074768
-0.00078321
-0.00079947
-0.00080354
-0.00080319
-0.0008053
-0.00081474
-0.00083355
-0.00086025
-0.0008894
-0.000912
-0.00091727
-0.00089588
-0.00084346
-0.00076247
-0.00066135
-0.00055146
-0.00044371
-0.00034636
-0.00026416
-0.00019849
-0.00014811
-0.00011014
-8.1265e-05
-5.8587e-05
-4.0128e-05
-2.4837e-05
-1.2337e-05
-2.5946e-06
4.3537e-06
8.5657e-06
1.0249e-05
9.7466e-06
7.5091e-06
4.0646e-06
1.0426e-06
2.6285e-06
1.0345e-05
1.9705e-05
2.7152e-05
3.1877e-05
3.326e-05
3.0896e-05
2.4542e-05
1.3928e-05
-1.5954e-06
-2.3483e-05
-5.4301e-05
-9.7618e-05
-0.00015731
-0.00023633
-0.00033518
-0.00045055
-0.00057455
-0.00069513
-0.0007985
-0.00087327
-0.00091428
-0.00092369
-0.00090916
-0.00088076
-0.00084843
-0.00082046
-0.00080299
-0.0007998
-0.00081208
-0.00083774
-0.00087064
-0.00090048
-0.00091439
-0.00090076
-0.00085369
-0.00077542
-0.00067514
-0.00056535
-0.00045792
-0.00036156
-0.00028079
-0.00021619
-0.00016557
-0.00012555
-9.2969e-05
-6.565e-05
-4.2502e-05
-2.323e-05
-7.9251e-06
3.2783e-06
1.0394e-05
1.3658e-05
1.3524e-05
1.0642e-05
5.8228e-06
1.4985e-06
3.7564e-06
1.4753e-05
2.792e-05
3.8026e-05
4.3821e-05
4.4369e-05
3.907e-05
2.756e-05
9.4407e-06
-1.6133e-05
-5.0898e-05
-9.7703e-05
-0.00016025
-0.0002422
-0.00034575
-0.00046996
-0.00060918
-0.00075203
-0.00088204
-0.00098162
-0.0010383
-0.0010496
-0.0010226
-0.00097002
-0.00090603
-0.00084281
-0.00078936
-0.00075147
-0.0007323
-0.00073299
-0.0007528
-0.00078853
-0.00083326
-0.00087568
-0.00090136
-0.00089712
-0.00085631
-0.00078152
-0.00068311
-0.0005748
-0.00046926
-0.00037515
-0.00029615
-0.00023178
-0.00017923
-0.00013534
-9.782e-05
-6.5547e-05
-3.8312e-05
-1.6346e-05
7.729e-08
1.0889e-05
1.6326e-05
1.6955e-05
1.365e-05
7.5508e-06
1.9497e-06
4.9223e-06
1.9316e-05
3.6455e-05
4.939e-05
5.639e-05
5.6134e-05
4.7745e-05
3.067e-05
4.3731e-06
-3.214e-05
-8.078e-05
-0.00014456
-0.00022725
-0.00033232
-0.00046132
-0.00061178
-0.00077478
-0.00093326
-0.0010639
-0.0011445
-0.001164
-0.001126
-0.0010458
-0.00094333
-0.00083724
-0.00074187
-0.0006664
-0.00061552
-0.00059057
-0.0005907
-0.00061374
-0.00065651
-0.00071426
-0.00077921
-0.00083928
-0.00087919
-0.00088517
-0.00085087
-0.00078005
-0.00068455
-0.00057922
-0.00047697
-0.00038567
-0.00030781
-0.00024213
-0.00018604
-0.00013736
-9.501e-05
-5.8892e-05
-2.9374e-05
-6.8705e-06
8.4489e-06
1.6802e-05
1.885e-05
1.5693e-05
8.8162e-06
2.2868e-06
5.9996e-06
2.3538e-05
4.4383e-05
6.0002e-05
6.8185e-05
6.7173e-05
5.5717e-05
3.2968e-05
-1.8438e-06
-4.9918e-05
-0.00011339
-0.00019554
-0.00030039
-0.00043148
-0.00058968
-0.00076979
-0.00095641
-0.0011223
-0.0012345
-0.0012691
-0.001222
-0.0011093
-0.0009575
-0.00079413
-0.00064136
-0.00051401
-0.00042004
-0.00036229
-0.00034003
-0.00035032
-0.00038886
-0.00045056
-0.00052979
-0.00062001
-0.00071232
-0.00079395
-0.00084941
-0.00086552
-0.0008374
-0.00077079
-0.0006792
-0.00057811
-0.00047982
-0.00039091
-0.00031289
-0.00024458
-0.00018442
-0.00013161
-8.6214e-05
-4.8702e-05
-1.9573e-05
9.4593e-07
1.3057e-05
1.7489e-05
1.5527e-05
8.967e-06
2.3445e-06
6.8971e-06
2.7055e-05
5.0985e-05
6.881e-05
7.7854e-05
7.5884e-05
6.1184e-05
3.2465e-05
-1.1465e-05
-7.2251e-05
-0.00015257
-0.00025636
-0.00038834
-0.00055216
-0.00074661
-0.00095968
-0.0011627
-0.0013128
-0.0013696
-0.0013167
-0.0011677
-0.00095658
-0.00072194
-0.00049633
-0.00030174
-0.00015005
-4.5578e-05
1.2032e-05
2.5676e-05
-4.2089e-07
-6.1107e-05
-0.00015029
-0.00026095
-0.00038526
-0.00051461
-0.00063849
-0.00074337
-0.00081407
-0.00083912
-0.00081631
-0.00075393
-0.0006669
-0.00057058
-0.00047595
-0.00038836
-0.00030915
-0.00023816
-0.00017534
-0.00012106
-7.5882e-05
-4.0211e-05
-1.4179e-05
2.4859e-06
1.0563e-05
1.1436e-05
7.0909e-06
1.89e-06
7.5921e-06
2.9766e-05
5.5991e-05
7.5254e-05
8.4396e-05
8.066e-05
6.177e-05
2.582e-05
-2.9099e-05
-0.00010552
-0.00020726
-0.00033951
-0.00050781
-0.00071443
-0.00095144
-0.0011912
-0.0013829
-0.0014685
-0.0014136
-0.0012262
-0.00094744
-0.00063025
-0.00032068
-4.9774e-05
0.00016663
0.00032403
0.00042445
0.00047259
0.0004735
0.00043164
0.00035116
0.00023667
9.4327e-05
-6.7664e-05
-0.00023927
-0.00040928
-0.00056499
-0.00069182
-0.00077547
-0.00080721
-0.00078833
-0.0007298
-0.00064734
-0.00055534
-0.00046339
-0.00037633
-0.00029643
-0.0002251
-0.00016341
-0.00011197
-7.0842e-05
-3.97e-05
-1.7969e-05
-4.7703e-06
1.2457e-06
2.0135e-06
6.2225e-07
8.129e-06
3.1825e-05
5.9575e-05
7.9274e-05
8.7184e-05
7.9928e-05
5.454e-05
8.2711e-06
-6.1902e-05
-0.00016
-0.00029159
-0.00046335
-0.00068014
-0.00093795
-0.0012119
-0.0014466
-0.0015662
-0.0015143
-0.001288
-0.00093593
-0.00052845
-0.00012932
0.00021883
0.00049604
0.00069937
0.00083539
0.00091383
0.0009436
0.00093097
0.00087936
0.00079018
0.00066435
0.00050419
0.00031513
0.00010664
-0.00010845
-0.00031554
-0.00049913
-0.00064354
-0.00073593
-0.00077116
-0.00075435
-0.00069872
-0.00061994
-0.00053115
-0.00044121
-0.00035575
-0.00027862
-0.0002122
-0.00015724
-0.00011306
-7.8271e-05
-5.1521e-05
-3.1658e-05
-1.7523e-05
-7.6224e-06
-1.8081e-06
8.5713e-06
3.3457e-05
6.2022e-05
8.0909e-05
8.5583e-05
7.1863e-05
3.5889e-05
-2.623e-05
-0.00011908
-0.00024868
-0.00042246
-0.00064712
-0.00092198
-0.0012261
-0.0015027
-0.0016611
-0.0016189
-0.0013568
-0.00092905
-0.00042751
6.1347e-05
0.00048017
0.00080456
0.0010352
0.0011861
0.0012755
0.001319
0.0013274
0.0013061
0.0012563
0.0011755
0.00106
0.00090646
0.00071475
0.00049008
0.00024413
-6.4725e-06
-0.00024306
-0.00044704
-0.00060201
-0.00069746
-0.0007323
-0.00071525
-0.00066086
-0.00058429
-0.00049805
-0.00041177
-0.00033271
-0.00026544
-0.00021107
-0.00016768
-0.00013199
-0.00010105
-7.3092e-05
-4.7297e-05
-2.3167e-05
-5.7502e-06
8.9239e-06
3.4659e-05
6.3187e-05
7.9603e-05
7.8238e-05
5.3817e-05
1.2827e-06
-8.475e-05
-0.00021078
-0.00038476
-0.0006146
-0.00090238
-0.0012315
-0.0015474
-0.0017491
-0.0017267
-0.0014368
-0.00093601
-0.00034061
0.00023424
0.00071265
0.0010656
0.0012995
0.0014396
0.0015147
0.0015489
0.0015583
0.0015517
0.0015318
0.0014964
0.0014403
0.0013557
0.0012341
0.0010688
0.00085797
0.00060809
0.00033434
5.7946e-05
-0.00019808
-0.00041255
-0.00056945
-0.00066147
-0.0006917
-0.00067163
-0.00061646
-0.00054136
-0.00045998
-0.00038386
-0.00032061
-0.00027208
-0.00023464
-0.00020198
-0.0001685
-0.00013125
-8.9913e-05
-4.5659e-05
-1.1474e-05
9.0671e-06
3.494e-05
6.2011e-05
7.3571e-05
6.2395e-05
2.172e-05
-5.508e-05
-0.00017518
-0.0003469
-0.00057885
-0.00087521
-0.0012238
-0.0015752
-0.0018245
-0.0018358
-0.0015334
-0.00096819
-0.00028272
0.00037307
0.00090023
0.0012647
0.0014817
0.0015905
0.0016327
0.0016408
0.0016349
0.0016256
0.0016162
0.0016062
0.0015919
0.0015671
0.0015228
0.0014477
0.0013298
0.0011599
0.00093606
0.00066739
0.00037384
8.1582e-05
-0.00018271
-0.0003967
-0.00054638
-0.00062845
-0.0006498
-0.00062391
-0.00056715
-0.00049675
-0.00042893
-0.00037522
-0.00033853
-0.00031298
-0.00028803
-0.00025421
-0.00020675
-0.00014597
-7.5459e-05
-1.9075e-05
8.7414e-06
3.3257e-05
5.6388e-05
5.9583e-05
3.3594e-05
-3.0269e-05
-0.00014054
-0.00030617
-0.00053627
-0.00083653
-0.0011989
-0.0015809
-0.0018805
-0.0019424
-0.0016509
-0.001038
-0.00026962
0.00046356
0.0010339
0.0014009
0.0015909
0.0016601
0.0016642
0.001643
0.0016186
0.0016001
0.0015898
0.0015864
0.0015879
0.0015911
0.0015914
0.0015816
0.0015509
0.0014853
0.0013697
0.0011934
0.00095599
0.00067112
0.00036425
6.5958e-05
-0.00019509
-0.00039767
-0.00053147
-0.00059764
-0.00060639
-0.00057386
-0.00052006
-0.00046597
-0.00042748
-0.00040878
-0.00040109
-0.00038848
-0.00035649
-0.00029805
-0.00021429
-0.00011192
-2.8388e-05
7.5765e-06
2.8132e-05
4.3355e-05
3.3187e-05
-1.4121e-05
-0.00010957
-0.00026369
-0.00048648
-0.00078491
-0.0011546
-0.0015608
-0.0019104
-0.0020398
-0.0017902
-0.0011565
-0.00031686
0.00049346
0.0011103
0.0014829
0.0016482
0.0016811
0.0016521
0.0016079
0.0015709
0.0015476
0.0015366
0.0015345
0.0015385
0.0015465
0.0015574
0.0015694
0.0015789
0.0015783
0.0015547
0.0014908
0.0013691
0.0011789
0.00092382
0.00062398
0.00031035
1.6321e-05
-0.00023003
-0.00041109
-0.00052154
-0.00056719
-0.0005627
-0.00053001
-0.0004946
-0.00047676
-0.00048167
-0.00049691
-0.00050019
-0.00047144
-0.00040116
-0.00029164
-0.00015326
-3.8948e-05
5.1237e-06
1.7772e-05
1.9355e-05
-1.0885e-05
-8.7604e-05
-0.00022429
-0.00043295
-0.00072239
-0.0010916
-0.0015139
-0.0019089
-0.0021176
-0.0019459
-0.0013303
-0.00043871
0.00045118
0.0011283
0.0015221
0.0016757
0.0016819
0.0016273
0.001567
0.0015241
0.001502
0.0014954
0.0014981
0.001505
0.0015134
0.0015225
0.0015326
0.0015445
0.0015581
0.0015701
0.0015714
0.001546
0.0014729
0.0013332
0.0011196
0.00084323
0.0005314
0.00021946
-5.9079e-05
-0.00027973
-0.00043054
-0.00051226
-0.00053725
-0.00052868
-0.0005161
-0.00052368
-0.00055671
-0.00059814
-0.00061879
-0.00059316
-0.0005099
-0.00037293
-0.00019662
-5.002e-05
8.7312e-07
1.5808e-07
-1.9539e-05
-7.823e-05
-0.00019369
-0.00038157
-0.00065376
-0.0010133
-0.0014414
-0.0018728
-0.002164
-0.0021037
-0.0015576
-0.00064627
0.00032381
0.0010837
0.0015261
0.0016892
0.0016806
0.0016056
0.0015314
0.0014848
0.0014668
0.0014684
0.0014798
0.0014939
0.0015067
0.0015166
0.0015236
0.0015289
0.0015348
0.0015433
0.001555
0.0015654
0.0015622
0.0015249
0.0014295
0.0012592
0.0010149
0.00071734
0.00040063
0.00010164
-0.00014942
-0.00033439
-0.00044886
-0.00050261
-0.0005197
-0.00053318
-0.00056993
-0.00063385
-0.00070214
-0.00073887
-0.0007143
-0.00061655
-0.00045188
-0.0002385
-6.0696e-05
-5.7083e-06
-2.6795e-05
-7.7224e-05
-0.000174
-0.00033782
-0.00058539
-0.00092521
-0.0013472
-0.0018018
-0.0021687
-0.0022417
-0.0018229
-0.00094354
9.6368e-05
0.00096454
0.0014928
0.0016952
0.0016867
0.0015941
0.0015037
0.0014508
0.0014362
0.0014466
0.0014683
0.0014918
0.0015122
0.0015273
0.0015368
0.001541
0.0015414
0.0015402
0.0015408
0.0015459
0.0015552
0.001561
0.0015455
0.0014835
0.0013514
0.0011407
0.00086389
0.00055182
0.00024239
-2.9999e-05
-0.0002419
-0.00038423
-0.00046444
-0.00050754
-0.00054937
-0.00061779
-0.0007131
-0.00080582
-0.00085431
-0.00082685
-0.00071298
-0.00052195
-0.00027529
-7.0042e-05
-1.509e-05
-6.4888e-05
-0.00015684
-0.00030176
-0.00052238
-0.00083435
-0.0012376
-0.0016994
-0.0021258
-0.0023348
-0.0020944
-0.00132
-0.00024504
0.00074903
0.0014075
0.0016901
0.0017041
0.0015984
0.0014867
0.0014208
0.001405
0.001422
0.0014535
0.0014867
0.0015155
0.0015376
0.0015526
0.0015609
0.001563
0.0015599
0.0015536
0.0015472
0.0015446
0.0015483
0.0015548
0.0015501
0.0015101
0.0014078
0.0012268
0.00097226
0.00067007
0.00035757
7.1728e-05
-0.00015991
-0.00032453
-0.00042808
-0.00049684
-0.00056851
-0.00066946
-0.00079399
-0.00090548
-0.00095866
-0.00092301
-0.00079167
-0.0005773
-0.00030381
-7.7247e-05
-2.7555e-05
-0.00011515
-0.00025985
-0.00046213
-0.00074522
-0.0011203
-0.0015724
-0.0020358
-0.0023641
-0.0023281
-0.0017416
-0.00070337
0.00040881
0.00124
0.0016569
0.0017309
0.0016246
0.0014866
0.001397
0.0013711
0.00139
0.0014294
0.0014718
0.001509
0.0015382
0.0015594
0.0015733
0.0015806
0.0015816
0.0015769
0.0015676
0.0015565
0.0015478
0.0015454
0.0015489
0.001548
0.0015207
0.0014388
0.0012813
0.0010466
0.00075594
0.00044495
0.00015186
-9.304e-05
-0.00027451
-0.00039816
-0.00049201
-0.00059417
-0.00072654
-0.00087511
-0.00099669
-0.0010456
-0.00099609
-0.00084675
-0.00061367
-0.00032184
-8.1741e-05
-4.3092e-05
-0.00017743
-0.0003853
-0.00065206
-0.00099908
-0.001429
-0.0019051
-0.0023216
-0.0024819
-0.0021486
-0.0012544
-7.9604e-05
0.00094704
0.0015612
0.0017533
0.0016761
0.001513
0.0013866
0.0013369
0.0013492
0.001393
0.001444
0.0014899
0.0015263
0.0015536
0.0015731
0.0015859
0.0015926
0.0015934
0.0015883
0.0015779
0.0015644
0.0015518
0.0015446
0.0015443
0.0015433
0.0015221
0.0014526
0.0013112
0.0010919
0.00081181
0.00050462
0.00020879
-4.3922e-05
-0.00023741
-0.00037842
-0.00049685
-0.00062911
-0.00078936
-0.00095375
-0.0010745
-0.0011096
-0.0010412
-0.0008746
-0.00062876
-0.00032827
-8.3254e-05
-6.1344e-05
-0.00025021
-0.0005296
-0.00086486
-0.0012726
-0.0017428
-0.0022115
-0.0025308
-0.0024697
-0.001833
-0.00071231
0.00048289
0.0013488
0.0017374
0.0017457
0.0015759
0.001403
0.001311
0.0013024
0.0013438
0.0014019
0.001457
0.0015018
0.0015356
0.0015605
0.0015784
0.0015904
0.001597
0.0015979
0.001593
0.0015825
0.0015682
0.0015536
0.0015436
0.0015402
0.0015375
0.0015178
0.0014541
0.0013218
0.0011126
0.00084063
0.00053793
0.00024253
-1.3637e-05
-0.00021532
-0.0003718
-0.00051438
-0.00067489
-0.00085665
-0.0010259
-0.0011338
-0.0011462
-0.0010556
-0.00087412
-0.00062239
-0.00032319
-8.1826e-05
-8.1648e-05
-0.0003308
-0.0006871
-0.0010913
-0.0015525
-0.0020442
-0.0024725
-0.0026516
-0.0023407
-0.0014315
-0.00017502
0.00095287
0.0016223
0.0018043
0.0016774
0.0014635
0.00131
0.0012588
0.0012845
0.0013447
0.0014092
0.0014639
0.0015059
0.0015369
0.0015598
0.0015765
0.001588
0.0015946
0.0015958
0.0015912
0.0015811
0.001567
0.0015521
0.0015409
0.0015354
0.0015305
0.0015092
0.0014459
0.0013165
0.0011119
0.00084509
0.00054675
0.00025404
-2.2555e-06
-0.00020952
-0.00038054
-0.00054657
-0.00073136
-0.00092524
-0.0010865
-0.0011699
-0.0011529
-0.0010392
-0.00084671
-0.00059632
-0.00030775
-7.776e-05
-0.00010316
-0.00041582
-0.0008511
-0.0013216
-0.0018261
-0.0023194
-0.0026775
-0.0026855
-0.0021196
-0.00098793
0.0003219
0.0013238
0.0017888
0.0017964
0.0015802
0.0013572
0.0012368
0.0012236
0.0012741
0.0013449
0.001411
0.0014636
0.0015027
0.0015314
0.0015527
0.0015686
0.0015798
0.0015863
0.0015877
0.0015836
0.0015741
0.0015608
0.0015467
0.0015356
0.0015291
0.0015213
0.001496
0.0014286
0.0012966
0.0010919
0.0008274
0.0005331
0.0002448
-9.29e-06
-0.00022082
-0.00040621
-0.00059397
-0.00079631
-0.00099015
-0.0011299
-0.001179
-0.0011291
-0.00099413
-0.00079584
-0.00055381
-0.00028385
-7.1564e-05
-0.00012501
-0.00050184
-0.001015
-0.0015467
-0.0020833
-0.0025596
-0.0028235
-0.0026414
-0.0018316
-0.00053348
0.00076149
0.0016023
0.0018725
0.0017424
0.0014747
0.0012646
0.0011803
0.0011978
0.0012646
0.0013406
0.0014061
0.0014563
0.0014931
0.0015201
0.0015403
0.0015556
0.0015665
0.0015729
0.0015744
0.0015707
0.0015621
0.0015501
0.0015376
0.0015276
0.0015202
0.0015089
0.001477
0.0014015
0.0012623
0.0010536
0.00078927
0.000499
0.0002165
-3.4049e-05
-0.00024974
-0.00044943
-0.00065527
-0.00086522
-0.001045
-0.0011508
-0.0011595
-0.0010768
-0.0009248
-0.00072658
-0.00049914
-0.00025392
-6.3861e-05
-0.00014643
-0.00058589
-0.0011735
-0.0017597
-0.0023176
-0.002761
-0.0029124
-0.0025303
-0.0014967
-8.78e-05
0.0011382
0.0018004
0.0018955
0.0016631
0.0013729
0.0011866
0.0011353
0.0011753
0.001252
0.0013299
0.0013943
0.0014427
0.001478
0.001504
0.0015235
0.0015382
0.0015488
0.001555
0.0015565
0.0015534
0.001546
0.0015359
0.0015254
0.0015166
0.0015079
0.0014912
0.0014499
0.0013627
0.0012127
0.00099732
0.0007322
0.00044646
0.00017089
-7.5844e-05
-0.00029641
-0.00050942
-0.0007267
-0.00093138
-0.0010827
-0.0011453
-0.0011118
-0.0010001
-0.00083713
-0.00064495
-0.00043703
-0.00022053
-5.5316e-05
-0.00016687
-0.00066587
-0.0013229
-0.0019566
-0.0025258
-0.0029234
-0.0029482
-0.0023613
-0.001129
0.0003375
0.0014525
0.0019312
0.0018761
0.0015732
0.0012803
0.0011214
0.0010968
0.0011518
0.0012337
0.0013121
0.0013756
0.0014232
0.0014579
0.0014835
0.0015027
0.0015171
0.0015272
0.0015333
0.001535
0.0015326
0.0015267
0.0015187
0.0015103
0.0015019
0.0014904
0.0014659
0.0014121
0.0013101
0.0011468
0.00092349
0.00065773
0.0003776
0.00010962
-0.00013397
-0.0003601
-0.00058324
-0.00080184
-0.00098656
-0.0010971
-0.0011118
-0.0010388
-0.00090492
-0.00073795
-0.00055716
-0.00037212
-0.00018616
-4.6558e-05
-0.00018602
-0.00074063
-0.0014613
-0.0021358
-0.0027076
-0.0030484
-0.0029343
-0.0021399
-0.00073786
0.00073525
0.0017071
0.0020069
0.0018287
0.0014821
0.0011989
0.0010658
0.0010606
0.0011243
0.0012084
0.0012868
0.00135
0.0013978
0.0014329
0.0014589
0.0014782
0.0014925
0.0015026
0.0015086
0.0015108
0.0015095
0.0015052
0.0014991
0.0014918
0.0014821
0.001465
0.0014296
0.0013602
0.001241
0.0010635
0.00083277
0.0005678
0.00029461
3.4253e-05
-0.00020734
-0.00043846
-0.00066519
-0.00087195
-0.0010224
-0.0010841
-0.0010516
-0.00094615
-0.00079839
-0.00063426
-0.00046904
-0.00030854
-0.00015291
-3.8122e-05
-0.00020383
-0.00080997
-0.0015887
-0.0022977
-0.0028647
-0.0031378
-0.0028717
-0.0018684
-0.00033003
0.0011001
0.0019051
0.0020378
0.0017643
0.0013957
0.0011288
0.0010171
0.0010239
0.0010912
0.0011752
0.0012532
0.001317
0.0013659
0.0014025
0.0014296
0.0014498
0.0014646
0.001475
0.0014815
0.0014844
0.0014841
0.0014812
0.0014759
0.0014679
0.0014541
0.001428
0.0013782
0.0012908
0.0011537
0.0009628
0.00072668
0.00046481
0.00019978
-5.3504e-05
-0.00029376
-0.0005266
-0.00074672
-0.0009272
-0.0010321
-0.0010427
-0.00096929
-0.00084078
-0.00068788
-0.00053245
-0.00038547
-0.00024952
-0.00012242
-3.0415e-05
-0.00022045
-0.00087453
-0.0017063
-0.0024445
-0.0029991
-0.0031925
-0.0027582
-0.0015465
8.7803e-05
0.0014265
0.0020495
0.0020328
0.0016911
0.0013177
0.0010697
0.00097332
0.00098536
0.0010516
0.0011335
0.0012107
0.0012754
0.0013263
0.0013652
0.0013945
0.0014164
0.0014325
0.0014438
0.0014511
0.0014548
0.0014552
0.0014526
0.0014463
0.0014346
0.0014132
0.0013745
0.0013078
0.0012014
0.0010473
0.00084578
0.00060772
0.00035162
9.5545e-05
-0.00015121
-0.00038896
-0.00061666
-0.00081746
-0.00095882
-0.0010128
-0.00097637
-0.00087168
-0.00073051
-0.00058021
-0.00043772
-0.00031006
-0.00019731
-9.5743e-05
-2.3697e-05
-0.00023619
-0.00093552
-0.0018165
-0.0025788
-0.0031128
-0.0032107
-0.0025882
-0.0011738
0.00050715
0.0017085
0.0021428
0.0019994
0.0016158
0.0012506
0.0010211
0.00093376
0.00094458
0.0010055
0.0010829
0.0011583
0.0012237
0.0012769
0.0013188
0.001351
0.0013754
0.0013934
0.0014062
0.0014145
0.0014187
0.0014189
0.0014147
0.0014047
0.0013861
0.0013537
0.0012998
0.0012151
0.0010909
0.00092303
0.00071521
0.00047933
0.00023149
-1.5091e-05
-0.00025483
-0.00048591
-0.00069854
-0.00086739
-0.00096155
-0.00096588
-0.00089154
-0.00076706
-0.00062276
-0.00048096
-0.0003538
-0.00024508
-0.00015315
-7.3415e-05
-1.8093e-05
-0.00025147
-0.00099452
-0.0019219
-0.0027033
-0.0032061
-0.0031874
-0.0023533
-0.00075219
0.00091618
0.0019387
0.0021876
0.0019452
0.0015439
0.0011964
0.0009834
0.00089898
0.00090273
0.00095391
0.0010238
0.0010954
0.0011603
0.0012152
0.0012599
0.0012952
0.0013225
0.0013428
0.0013573
0.0013663
0.0013702
0.0013687
0.0013608
0.0013445
0.0013163
0.0012706
0.0012007
0.0010992
0.00096056
0.00078395
0.00057516
0.0003456
0.00010815
-0.00012796
-0.00035802
-0.0005753
-0.00076193
-0.00088964
-0.00093529
-0.00089749
-0.00079702
-0.00066372
-0.00052375
-0.00039412
-0.0002829
-0.00019155
-0.00011739
-5.5527e-05
-1.3619e-05
-0.00026671
-0.0010531
-0.002025
-0.0028197
-0.0032767
-0.0031134
-0.0020442
-0.00028884
0.0012991
0.0021103
0.002188
0.0018775
0.0014803
0.001157
0.00095791
0.00087116
0.00086268
0.00089952
0.00095779
0.0010222
0.001084
0.0011389
0.0011853
0.001223
0.0012527
0.001275
0.0012905
0.0012996
0.001302
0.0012973
0.0012838
0.0012593
0.00122
0.001161
0.0010767
0.00096202
0.00081426
0.00063496
0.00043061
0.00021108
-1.3864e-05
-0.00023718
-0.00045246
-0.00064732
-0.00079918
-0.0008826
-0.00088518
-0.00081662
-0.00070204
-0.00056889
-0.00043817
-0.00032221
-0.00022603
-0.00014962
-8.9853e-05
-4.1888e-05
-1.0219e-05
-0.00028227
-0.0011126
-0.0021273
-0.0029277
-0.0033189
-0.0029755
-0.0016537
0.00020107
0.001637
0.0022178
0.0021501
0.0018044
0.0014294
0.0011346
0.00094718
0.00085437
0.00082952
0.00084741
0.00088912
0.00094153
0.00099601
0.0010473
0.0010927
0.0011309
0.0011615
0.0011846
0.0012001
0.001208
0.0012079
0.0011986
0.0011786
0.0011454
0.0010957
0.0010255
0.00093065
0.0008083
0.0006578
0.00048196
0.00028698
8.0851e-05
-0.00012887
-0.00033539
-0.00052944
-0.0006945
-0.0008077
-0.00085028
-0.00082007
-0.00073327
-0.00061493
-0.0004882
-0.0003692
-0.00026661
-0.00018345
-0.00011898
-7.0079e-05
-3.2196e-05
-7.8114e-06
-0.00029837
-0.0011737
-0.0022289
-0.0030241
-0.0033227
-0.0027579
-0.0011823
0.00069339
0.0019104
0.0022601
0.0020835
0.0017344
0.0013957
0.0011318
0.00095514
0.00085471
0.0008111
0.0008062
0.00082609
0.00086039
0.00090142
0.00094371
0.00098357
0.0010186
0.0010474
0.0010691
0.0010831
0.0010886
0.0010849
0.0010708
0.0010445
0.001004
0.00094637
0.00086882
0.00076881
0.00064499
0.00049805
0.00033122
0.0001499
-3.9489e-05
-0.0002304
-0.00041524
-0.0005823
-0.00071384
-0.00079031
-0.00080067
-0.0007499
-0.00065626
-0.00054193
-0.00042543
-0.00031878
-0.0002281
-0.00015529
-9.9446e-05
-5.7786e-05
-2.626e-05
-6.344e-06
-0.00031496
-0.0012358
-0.0023278
-0.0031028
-0.003274
-0.0024447
-0.0006416
0.0011566
0.0021027
0.0022424
0.0020005
0.0016762
0.0013829
0.0011517
0.00098705
0.00088038
0.0008184
0.000789
0.00078287
0.00079281
0.00081302
0.00083875
0.00086614
0.00089219
0.00091456
0.00093145
0.00094142
0.0009432
0.00093551
0.00091696
0.00088593
0.00084056
0.00077883
0.00069886
0.0005993
0.00047992
0.00034208
0.00018891
2.5003e-05
-0.00014421
-0.00031246
-0.00047133
-0.00060831
-0.00070721
-0.00075355
-0.00074263
-0.00068286
-0.00059132
-0.00048629
-0.00038209
-0.00028763
-0.00020719
-0.00014202
-9.142e-05
-5.3267e-05
-2.4224e-05
-5.8524e-06
-0.0003317
-0.0012976
-0.0024198
-0.003154
-0.0031558
-0.0020245
-5.8063e-05
0.0015563
0.0022056
0.0021768
0.0019152
0.0016367
0.0013942
0.001198
0.001049
0.00094094
0.00086496
0.00081332
0.00078038
0.00076199
0.00075474
0.00075554
0.00076152
0.00076993
0.00077828
0.00078428
0.00078585
0.0007811
0.00076827
0.00074565
0.00071155
0.00066434
0.0006025
0.00052487
0.00043088
0.00032093
0.00019663
6.0848e-05
-8.2465e-05
-0.00022844
-0.00037096
-0.00050158
-0.0006088
-0.00067963
-0.00070455
-0.00068277
-0.00062309
-0.0005398
-0.00044737
-0.0003569
-0.00027491
-0.00020401
-0.00014463
-9.6264e-05
-5.7724e-05
-2.6774e-05
-6.5143e-06
-0.00034799
-0.0013564
-0.0024986
-0.0031657
-0.0029489
-0.0014968
0.00052896
0.0018625
0.0022219
0.0020818
0.0018409
0.0016206
0.0014312
0.0012733
0.0011462
0.0010453
0.00096439
0.00089837
0.00084395
0.00079911
0.00076252
0.00073309
0.00070963
0.00069075
0.00067483
0.00066009
0.00064462
0.00062645
0.00060361
0.00057416
0.00053625
0.00048822
0.00042867
0.00035667
0.00027194
0.00017503
6.7465e-05
-4.8226e-05
-0.00016862
-0.00028936
-0.00040478
-0.00050739
-0.00058784
-0.00063679
-0.00064846
-0.0006237
-0.00056994
-0.00049835
-0.00042045
-0.00034527
-0.00027748
-0.00021761
-0.0001642
-0.00011618
-7.3343e-05
-3.5214e-05
-8.6731e-06
-0.00036308
-0.0014091
-0.002557
-0.0031241
-0.0026344
-0.00087604
0.0010726
0.002056
0.0021666
0.0019778
0.0017862
0.0016287
0.0014933
0.0013777
0.0012806
0.0011979
0.001125
0.0010582
0.00099508
0.00093452
0.00087622
0.00082034
0.00076714
0.00071679
0.00066919
0.00062394
0.0005803
0.00053726
0.00049355
0.00044771
0.0003982
0.00034352
0.00028234
0.00021369
0.00013714
5.2978e-05
-3.7716e-05
-0.00013302
-0.00023017
-0.00032558
-0.00041457
-0.00049126
-0.00054895
-0.00058153
-0.00058573
-0.00056269
-0.00051781
-0.00045945
-0.0003972
-0.00033922
-0.00028917
-0.00024485
-0.0002009
-0.00015356
-0.00010299
-5.1363e-05
-1.2816e-05
-0.00037631
-0.0014528
-0.0025882
-0.0030145
-0.0021942
-0.0001944
0.0015273
0.0021341
0.0020642
0.0018826
0.0017537
0.0016569
0.0015751
0.0015054
0.0014458
0.0013925
0.0013419
0.0012909
0.0012373
0.0011798
0.0011181
0.0010524
0.00098341
0.0009119
0.00083873
0.00076468
0.00069036
0.00061618
0.00054232
0.0004687
0.00039502
0.00032083
0.00024558
0.00016881
9.0236e-05
9.9954e-06
-7.129e-05
-0.00015242
-0.00023158
-0.00030632
-0.00037357
-0.00042964
-0.00047068
-0.00049353
-0.00049675
-0.00048119
-0.00044997
-0.00040852
-0.00036477
-0.00032726
-0.00030026
-0.00027921
-0.00025249
-0.0002098
-0.00014946
-7.7229e-05
-1.9493e-05
-0.0003873
-0.0014859
-0.0025862
-0.0028202
-0.0016146
0.00049884
0.0018571
0.0021114
0.0019434
0.0018067
0.0017391
0.0016965
0.0016652
0.0016417
0.0016234
0.0016071
0.0015898
0.0015688
0.0015421
0.0015082
0.0014663
0.001416
0.0013574
0.001291
0.0012173
0.0011371
0.0010514
0.00096114
0.00086753
0.00077166
0.00067466
0.00057757
0.00048139
0.00038699
0.00029517
0.00020671
0.00012241
4.3125e-05
-3.0253e-05
-9.678e-05
-0.00015553
-0.0002057
-0.0002467
-0.00027831
-0.00030057
-0.00031338
-0.00031637
-0.00031014
-0.00029902
-0.00029198
-0.00029681
-0.00030985
-0.00031276
-0.00028373
-0.00021448
-0.0001145
-2.9196e-05
-0.00039631
-0.0015083
-0.0025457
-0.0025157
-0.00089453
0.0011416
0.0020436
0.0020177
0.0018308
0.0017524
0.0017339
0.0017352
0.0017464
0.0017634
0.0017835
0.001804
0.0018228
0.0018377
0.0018471
0.0018497
0.0018447
0.0018312
0.0018088
0.0017773
0.0017363
0.0016858
0.0016262
0.0015577
0.0014812
0.0013975
0.0013081
0.0012146
0.0011189
0.0010228
0.00092836
0.00083719
0.00075062
0.00066944
0.0005937
0.00052262
0.0004545
0.0003868
0.00031659
0.00024126
0.00015984
7.4242e-05
-1.0171e-05
-8.5983e-05
-0.00014846
-0.0002018
-0.00025793
-0.00032079
-0.00037043
-0.0003703
-0.00029777
-0.00016412
-4.2249e-05
-0.0004044
-0.0015227
-0.0024583
-0.0020549
-6.1527e-05
0.0016668
0.0020906
0.0018946
0.0017463
0.0017165
0.0017296
0.0017601
0.0018
0.0018451
0.0018927
0.0019408
0.0019879
0.0020326
0.0020741
0.0021118
0.0021452
0.002174
0.0021978
0.0022161
0.0022285
0.0022343
0.002233
0.0022239
0.0022066
0.002181
0.0021472
0.0021057
0.0020577
0.0020043
0.001947
0.0018872
0.0018258
0.0017627
0.0016967
0.0016251
0.0015436
0.0014467
0.0013283
0.0011837
0.001011
0.00081325
0.00059943
0.00038389
0.00018309
7.8559e-06
-0.00014526
-0.00028722
-0.00040764
-0.00045975
-0.00039722
-0.00022671
-5.8933e-05
-0.00041307
-0.001531
-0.0023017
-0.0013695
0.0008084
0.0020157
0.0020295
0.0017892
0.0017006
0.0016965
0.001722
0.0017634
0.0018137
0.0018693
0.0019277
0.0019872
0.0020466
0.0021053
0.0021633
0.0022205
0.0022775
0.0023347
0.0023926
0.0024514
0.0025112
0.0025718
0.0026325
0.0026927
0.0027511
0.0028065
0.0028577
0.0029032
0.0029421
0.0029734
0.0029961
0.0030095
0.0030122
0.0030023
0.0029767
0.0029311
0.0028596
0.0027553
0.0026109
0.0024202
0.0021798
0.0018906
0.0015592
0.0011985
0.0008271
0.00046694
0.00013693
-0.00015248
-0.00039079
-0.00053453
-0.00051028
-0.00030496
-8.0211e-05
-0.00042341
-0.0015299
-0.0020107
-0.00041403
0.0015855
0.0021572
0.0019231
0.0017401
0.0016942
0.0016916
0.0017103
0.0017421
0.0017829
0.0018298
0.0018806
0.0019336
0.0019876
0.0020421
0.0020972
0.0021533
0.0022114
0.0022728
0.0023389
0.0024109
0.0024901
0.0025774
0.0026731
0.0027772
0.0028892
0.0030077
0.0031311
0.0032568
0.003382
0.0035032
0.0036168
0.0037187
0.0038049
0.0038709
0.003912
0.0039231
0.0038989
0.0038337
0.0037217
0.0035575
0.0033362
0.0030541
0.0027092
0.0023028
0.0018403
0.0013327
0.00079683
0.00026055
-0.00021704
-0.00054803
-0.00063078
-0.00040827
-0.00010942
-0.00043868
-0.00151
-0.0014184
0.00073318
0.0021137
0.0021136
0.0018477
0.0017472
0.0017088
0.0016893
0.0016828
0.0016867
0.0017
0.0017214
0.0017492
0.0017816
0.0018169
0.0018539
0.0018921
0.0019318
0.0019738
0.0020194
0.0020705
0.0021291
0.0021972
0.0022766
0.0023691
0.0024758
0.0025974
0.0027337
0.0028837
0.0030452
0.003215
0.0033888
0.0035611
0.0037261
0.0038771
0.0040079
0.0041126
0.0041863
0.0042255
0.0042275
0.0041911
0.0041147
0.0039958
0.00383
0.0036098
0.0033243
0.00296
0.0025019
0.0019348
0.0012441
0.00043922
-0.00031876
-0.00071209
-0.00055439
-0.00015465
-0.00045806
-0.0014085
-0.00027332
0.0017996
0.0022582
0.0019697
0.0018049
0.0017345
0.0016795
0.0016313
0.0015893
0.0015558
0.0015327
0.0015205
0.0015183
0.0015241
0.0015357
0.0015509
0.0015683
0.0015873
0.001608
0.0016312
0.0016585
0.0016918
0.0017332
0.001785
0.0018494
0.0019284
0.0020236
0.0021359
0.0022657
0.0024118
0.0025722
0.0027433
0.00292
0.0030962
0.0032649
0.0034191
0.0035525
0.0036602
0.0037396
0.0037907
0.0038154
0.0038172
0.0037996
0.0037643
0.0037096
0.0036284
0.0035059
0.0033162
0.0030183
0.0025497
0.0018132
0.00069263
-0.00048348
-0.00073798
-0.00022951
-0.0005038
-0.00088855
0.0013126
0.0022712
0.0019746
0.0017325
0.0016197
0.0015372
0.001462
0.0013903
0.0013231
0.0012637
0.0012152
0.0011788
0.0011543
0.00114
0.0011335
0.0011321
0.0011339
0.0011376
0.0011424
0.0011487
0.0011572
0.0011692
0.0011863
0.0012105
0.0012437
0.0012878
0.0013445
0.0014151
0.0015007
0.0016012
0.0017157
0.0018422
0.0019773
0.0021164
0.0022538
0.0023837
0.0025005
0.0025998
0.0026789
0.0027378
0.0027788
0.0028063
0.002826
0.0028439
0.0028652
0.0028937
0.0029312
0.0029745
0.0030102
0.0029989
0.0028422
0.0023088
0.00091958
-0.00071386
-0.00036157
-0.00053339
0.00092293
0.0020337
0.0015865
0.001275
0.0011244
0.0010308
0.00095726
0.00089335
0.00083439
0.00077983
0.00073119
0.00069024
0.00065805
0.0006345
0.00061852
0.00060845
0.0006025
0.00059911
0.00059715
0.00059597
0.00059542
0.00059575
0.00059757
0.00060172
0.0006092
0.00062113
0.00063861
0.00066272
0.0006944
0.00073435
0.0007829
0.00083987
0.00090442
0.00097499
0.0010492
0.0011242
0.0011965
0.0012629
0.0013206
0.0013678
0.001404
0.0014301
0.0014487
0.0014631
0.0014773
0.0014955
0.001522
0.0015615
0.0016198
0.0017047
0.001828
0.0020027
0.0022123
0.002238
0.00087427
-0.0004987
0
-0.00053339
-0.0024872
-0.0042372
-0.0058767
-0.0074472
-0.0089759
-0.010468
-0.011923
-0.013338
-0.014708
-0.01603
-0.017299
-0.01851
-0.01966
-0.020745
-0.021763
-0.02271
-0.023585
-0.024385
-0.025108
-0.02575
-0.026311
-0.026789
-0.027181
-0.027486
-0.027704
-0.027832
-0.027871
-0.027819
-0.027677
-0.027445
-0.027125
-0.026716
-0.02622
-0.025641
-0.024979
-0.024239
-0.023423
-0.022534
-0.021576
-0.020552
-0.019464
-0.018317
-0.017112
-0.015852
-0.01454
-0.013178
-0.011771
-0.010321
-0.0088288
-0.0072958
-0.0057192
-0.0040914
-0.002367
-0.0004987
0
