0
2.7086e-11
-6.4232e-10
-4.7399e-09
-1.1427e-08
-1.0747e-08
1.6703e-08
9.6314e-08
2.5477e-07
5.161e-07
8.9959e-07
1.4195e-06
2.0858e-06
2.9034e-06
3.8689e-06
4.9627e-06
6.1366e-06
7.2989e-06
8.3011e-06
8.9309e-06
8.9227e-06
7.9904e-06
5.8872e-06
2.4818e-06
-2.1714e-06
-7.798e-06
-1.3926e-05
-1.9963e-05
-2.5306e-05
-2.9449e-05
-3.2057e-05
-3.3002e-05
-3.2353e-05
-3.034e-05
-2.7294e-05
-2.3591e-05
-1.96e-05
-1.5639e-05
-1.1951e-05
-8.6948e-06
-5.9504e-06
-3.7318e-06
-2.0069e-06
-7.1501e-07
2.1676e-07
8.6122e-07
1.2818e-06
1.5277e-06
1.6333e-06
1.6232e-06
1.5174e-06
1.3375e-06
1.1087e-06
8.5901e-07
6.1592e-07
4.0228e-07
2.3317e-07
1.1434e-07
4.2647e-08
8.1672e-09
-2.5216e-09
-2.4275e-09
-5.3651e-10
5.3231e-12
0
2.7086e-11
-2.8678e-10
-2.9384e-09
-1.5254e-08
-3.4162e-08
-2.272e-08
9.3365e-08
4.1304e-07
1.0415e-06
2.0741e-06
3.5877e-06
5.6391e-06
8.2665e-06
1.1488e-05
1.5286e-05
1.9578e-05
2.4171e-05
2.8697e-05
3.2569e-05
3.4952e-05
3.4807e-05
3.102e-05
2.2636e-05
9.1548e-06
-9.2022e-06
-3.136e-05
-5.5477e-05
-7.9247e-05
-0.00010032
-0.00011671
-0.0001271
-0.00013096
-0.00012856
-0.00012076
-0.00010884
-9.4289e-05
-7.8541e-05
-6.286e-05
-4.8215e-05
-3.5247e-05
-2.4284e-05
-1.5395e-05
-8.4618e-06
-3.251e-06
5.2235e-07
3.1446e-06
4.8668e-06
5.8844e-06
6.3365e-06
6.322e-06
5.9236e-06
5.2289e-06
4.3392e-06
3.3659e-06
2.4176e-06
1.5841e-06
9.2449e-07
4.6072e-07
1.7999e-07
4.3076e-08
-2.3152e-09
-6.0774e-09
-1.6717e-09
-1.9339e-10
5.3231e-12
-6.4232e-10
-2.9386e-09
-6.0969e-09
-9.7034e-09
-4.9546e-09
6.7284e-08
3.3618e-07
9.8365e-07
2.2101e-06
4.202e-06
7.111e-06
1.1048e-05
1.6081e-05
2.2234e-05
2.9452e-05
3.7552e-05
4.613e-05
5.4458e-05
6.1395e-05
6.5357e-05
6.44e-05
5.648e-05
3.9878e-05
1.3732e-05
-2.1486e-05
-6.3757e-05
-0.00010968
-0.000155
-0.00019538
-0.00022709
-0.00024762
-0.00025588
-0.00025219
-0.00023807
-0.00021585
-0.00018825
-0.00015802
-0.00012761
-9.8938e-05
-7.332e-05
-5.147e-05
-3.3594e-05
-1.952e-05
-8.8351e-06
-1.0087e-06
4.5033e-06
8.1868e-06
1.0428e-05
1.1508e-05
1.1636e-05
1.0987e-05
9.7461e-06
8.117e-06
6.3198e-06
4.5641e-06
3.0208e-06
1.7993e-06
9.3842e-07
4.1122e-07
1.4274e-07
3.6894e-08
6.8955e-09
-3.575e-10
-1.6718e-09
-5.365e-10
-4.743e-09
-1.5259e-08
-9.6814e-09
3.2348e-08
1.2973e-07
3.4682e-07
8.3454e-07
1.8258e-06
3.5942e-06
6.4056e-06
1.0481e-05
1.5978e-05
2.2983e-05
3.1495e-05
4.139e-05
5.2344e-05
6.3718e-05
7.4433e-05
8.2869e-05
8.6852e-05
8.3801e-05
7.1087e-05
4.6595e-05
9.3726e-06
-3.9811e-05
-9.8242e-05
-0.00016149
-0.00022405
-0.00028028
-0.00032522
-0.00035537
-0.00036899
-0.00036616
-0.0003486
-0.00031919
-0.0002815
-0.0002393
-0.00019603
-0.00015456
-0.00011692
-8.4343e-05
-5.7296e-05
-3.5679e-05
-1.9005e-05
-6.5789e-06
2.3468e-06
8.4615e-06
1.2331e-05
1.439e-05
1.4972e-05
1.437e-05
1.2875e-05
1.0803e-05
8.4727e-06
6.1819e-06
4.1648e-06
2.5663e-06
1.4327e-06
7.2182e-07
3.3171e-07
1.4093e-07
5.0239e-08
6.8903e-09
-6.0788e-09
-2.4276e-09
-1.1436e-08
-3.4141e-08
-4.6711e-09
1.3031e-07
3.9782e-07
8.5315e-07
1.6351e-06
2.9851e-06
5.215e-06
8.6476e-06
1.356e-05
2.0144e-05
2.848e-05
3.8511e-05
4.9992e-05
6.2408e-05
7.4856e-05
8.5926e-05
9.3628e-05
9.5435e-05
8.8501e-05
7.0096e-05
3.82e-05
-7.8665e-06
-6.6977e-05
-0.00013606
-0.00021035
-0.00028407
-0.00035116
-0.00040618
-0.00044497
-0.00046509
-0.00046601
-0.000449
-0.00041684
-0.00037335
-0.00032282
-0.00026951
-0.00021709
-0.00016843
-0.00012541
-8.8965e-05
-5.9247e-05
-3.5853e-05
-1.8042e-05
-4.9442e-06
4.2864e-06
1.0382e-05
1.3937e-05
1.5439e-05
1.5321e-05
1.4007e-05
1.1921e-05
9.4768e-06
7.0366e-06
4.8755e-06
3.1547e-06
1.9176e-06
1.1096e-06
6.1787e-07
3.2279e-07
1.4093e-07
3.6852e-08
-2.3431e-09
-2.5286e-09
-1.0597e-08
-2.1975e-08
6.9354e-08
3.5016e-07
8.5594e-07
1.6225e-06
2.7503e-06
4.4482e-06
7.0222e-06
1.0817e-05
1.6141e-05
2.3198e-05
3.2032e-05
4.2484e-05
5.4135e-05
6.6223e-05
7.7558e-05
8.6442e-05
9.0667e-05
8.7648e-05
7.4724e-05
4.9614e-05
1.0937e-05
-4.1346e-05
-0.00010569
-0.00017903
-0.00025704
-0.0003346
-0.00040633
-0.00046714
-0.00051272
-0.00054003
-0.00054758
-0.00053561
-0.00050602
-0.00046209
-0.00040803
-0.00034845
-0.00028773
-0.00022956
-0.00017665
-0.00013066
-9.2222e-05
-6.123e-05
-3.706e-05
-1.8833e-05
-5.6105e-06
3.4826e-06
9.2121e-06
1.2247e-05
1.3192e-05
1.2619e-05
1.1071e-05
9.037e-06
6.9235e-06
5.0198e-06
3.4841e-06
2.3502e-06
1.5597e-06
1.0123e-06
6.185e-07
3.3187e-07
1.4256e-07
4.2893e-08
8.1141e-09
1.7983e-08
9.8552e-08
3.4637e-07
8.4715e-07
1.6439e-06
2.7498e-06
4.2143e-06
6.184e-06
8.917e-06
1.2737e-05
1.7945e-05
2.4719e-05
3.303e-05
4.2566e-05
5.2674e-05
6.2308e-05
6.9982e-05
7.379e-05
7.1507e-05
6.0832e-05
3.9754e-05
6.9642e-06
-3.781e-05
-9.3671e-05
-0.00015866
-0.00022999
-0.00030438
-0.00037818
-0.00044757
-0.00050868
-0.00055774
-0.00059148
-0.00060746
-0.00060446
-0.00058279
-0.00054436
-0.0004925
-0.00043154
-0.00036616
-0.00030081
-0.00023916
-0.00018379
-0.00013614
-9.6652e-05
-6.5048e-05
-4.059e-05
-2.2341e-05
-9.3212e-06
-5.8996e-07
4.7273e-06
7.4389e-06
8.2849e-06
7.924e-06
6.9099e-06
5.667e-06
4.4759e-06
3.4766e-06
2.693e-06
2.0774e-06
1.5641e-06
1.1131e-06
7.2299e-07
4.1089e-07
1.7942e-07
4.2471e-08
1.0167e-07
4.3365e-07
1.0193e-06
1.8628e-06
3.0022e-06
4.4264e-06
6.1333e-06
8.1958e-06
1.0796e-05
1.4194e-05
1.8636e-05
2.423e-05
3.0819e-05
3.7888e-05
4.4508e-05
4.932e-05
5.0587e-05
4.6321e-05
3.4519e-05
1.3516e-05
-1.7643e-05
-5.8901e-05
-0.00010914
-0.0001664
-0.00022833
-0.00029264
-0.00035731
-0.0004206
-0.00048077
-0.00053581
-0.00058327
-0.00062033
-0.00064405
-0.00065188
-0.00064222
-0.00061489
-0.00057142
-0.00051497
-0.00044984
-0.00038088
-0.00031262
-0.00024876
-0.00019184
-0.00014317
-0.00010311
-7.126e-05
-4.6843e-05
-2.8838e-05
-1.6146e-05
-7.6712e-06
-2.378e-06
6.582e-07
2.2134e-06
2.8909e-06
3.1135e-06
3.1349e-06
3.0689e-06
2.9339e-06
2.7059e-06
2.3664e-06
1.9294e-06
1.4381e-06
9.3929e-07
4.6016e-07
1.141e-07
2.6994e-07
1.0986e-06
2.3032e-06
3.68e-06
5.2346e-06
6.9225e-06
8.6938e-06
1.0553e-05
1.2595e-05
1.499e-05
1.7883e-05
2.1257e-05
2.4777e-05
2.768e-05
2.8734e-05
2.6292e-05
1.8451e-05
3.3181e-06
-2.0624e-05
-5.4108e-05
-9.6751e-05
-0.00014696
-0.00020217
-0.00025942
-0.00031608
-0.00037035
-0.00042145
-0.00046946
-0.00051473
-0.00055741
-0.00059691
-0.00063167
-0.00065919
-0.00067631
-0.00067984
-0.00066734
-0.00063781
-0.00059222
-0.00053348
-0.00046599
-0.00039476
-0.00032454
-0.00025917
-0.00020119
-0.00015191
-0.00011161
-7.9861e-05
-5.5731e-05
-3.8018e-05
-2.5408e-05
-1.6628e-05
-1.0556e-05
-6.2986e-06
-3.2118e-06
-8.8761e-07
8.9049e-07
2.2071e-06
3.0781e-06
3.5068e-06
3.5214e-06
3.1854e-06
2.585e-06
1.8077e-06
9.2712e-07
2.3367e-07
5.481e-07
2.1931e-06
4.3869e-06
6.5557e-06
8.633e-06
1.0521e-05
1.2121e-05
1.3379e-05
1.4315e-05
1.4993e-05
1.5429e-05
1.5435e-05
1.4457e-05
1.1456e-05
4.9111e-06
-7.0435e-06
-2.6337e-05
-5.4561e-05
-9.2514e-05
-0.00013979
-0.00019459
-0.00025379
-0.00031356
-0.00037012
-0.00042064
-0.00046379
-0.00049984
-0.00053029
-0.00055726
-0.00058281
-0.00060831
-0.00063402
-0.00065875
-0.00067991
-0.00069381
-0.00069635
-0.00068399
-0.00065478
-0.00060906
-0.00054954
-0.00048077
-0.00040808
-0.00033652
-0.00027011
-0.0002115
-0.00016203
-0.00012191
-9.052e-05
-6.6671e-05
-4.8881e-05
-3.5646e-05
-2.5645e-05
-1.7862e-05
-1.1615e-05
-6.5171e-06
-2.3923e-06
8.1091e-07
3.1019e-06
4.5039e-06
5.0816e-06
4.9413e-06
4.2172e-06
3.0544e-06
1.5999e-06
4.0612e-07
9.5036e-07
3.7734e-06
7.3809e-06
1.0648e-05
1.339e-05
1.5425e-05
1.66e-05
1.6812e-05
1.6016e-05
1.418e-05
1.118e-05
6.6377e-06
-2.4128e-07
-1.076e-05
-2.6674e-05
-4.9953e-05
-8.2383e-05
-0.00012506
-0.00017791
-0.00023932
-0.0003061
-0.00037378
-0.00043743
-0.00049265
-0.00053655
-0.00056832
-0.00058913
-0.00060166
-0.00060934
-0.00061565
-0.0006235
-0.0006348
-0.00065007
-0.00066819
-0.00068627
-0.00069997
-0.00070417
-0.00069417
-0.00066702
-0.00062247
-0.00056314
-0.00049383
-0.00042028
-0.00034791
-0.00028099
-0.00022231
-0.00017315
-0.00013353
-0.00010247
-7.8445e-05
-5.9767e-05
-4.4925e-05
-3.2778e-05
-2.2603e-05
-1.403e-05
-6.9291e-06
-1.2878e-06
2.8838e-06
5.613e-06
6.9877e-06
7.1536e-06
6.3018e-06
4.6566e-06
2.4669e-06
6.2851e-07
1.4736e-06
5.8282e-06
1.1269e-05
1.5948e-05
1.9517e-05
2.1678e-05
2.2203e-05
2.0939e-05
1.7793e-05
1.2652e-05
5.2643e-06
-4.9293e-06
-1.8944e-05
-3.8301e-05
-6.4895e-05
-0.00010067
-0.0001471
-0.00020467
-0.00027237
-0.00034741
-0.00042527
-0.0005002
-0.00056624
-0.00061845
-0.00065407
-0.00067308
-0.00067783
-0.00067226
-0.00066096
-0.00064837
-0.00063827
-0.00063354
-0.00063588
-0.00064562
-0.00066139
-0.00067997
-0.00069635
-0.00070446
-0.00069851
-0.00067463
-0.00063212
-0.00057366
-0.00050441
-0.00043059
-0.00035805
-0.00029131
-0.00023319
-0.00018475
-0.00014561
-0.00011438
-8.9315e-05
-6.8746e-05
-5.1415e-05
-3.6551e-05
-2.3797e-05
-1.307e-05
-4.4108e-06
2.1346e-06
6.5779e-06
9.017e-06
9.6356e-06
8.6934e-06
6.5148e-06
3.4775e-06
8.881e-07
2.0934e-06
8.2633e-06
1.5881e-05
2.224e-05
2.6794e-05
2.9094e-05
2.8813e-05
2.5738e-05
1.9726e-05
1.0604e-05
-1.9818e-06
-1.8735e-05
-4.0839e-05
-6.9954e-05
-0.00010801
-0.00015682
-0.00021746
-0.00028978
-0.00037181
-0.00045957
-0.00054712
-0.0006272
-0.00069257
-0.00073784
-0.00076081
-0.00076287
-0.00074826
-0.00072269
-0.0006921
-0.00066176
-0.00063581
-0.00061726
-0.000608
-0.00060889
-0.0006196
-0.00063837
-0.00066157
-0.00068365
-0.00069773
-0.00069716
-0.0006774
-0.00063752
-0.00058043
-0.0005118
-0.0004384
-0.00036646
-0.00030066
-0.00024361
-0.00019595
-0.0001568
-0.00012454
-9.7449e-05
-7.4181e-05
-5.3916e-05
-3.631e-05
-2.1329e-05
-9.0741e-06
3.507e-07
6.9244e-06
1.0743e-05
1.2025e-05
1.1109e-05
8.4345e-06
4.533e-06
1.1601e-06
2.7658e-06
1.0907e-05
2.0898e-05
2.9106e-05
3.4764e-05
3.7247e-05
3.6097e-05
3.1014e-05
2.1798e-05
8.2178e-06
-1.0152e-05
-3.4114e-05
-6.4957e-05
-0.00010441
-0.00015438
-0.00021648
-0.00029144
-0.00037843
-0.00047454
-0.00057426
-0.00066964
-0.00075123
-0.00081026
-0.00084119
-0.00084334
-0.00082071
-0.00078037
-0.00073048
-0.00067863
-0.00063091
-0.00059157
-0.00056323
-0.00054714
-0.0005436
-0.00055213
-0.00057151
-0.00059936
-0.0006317
-0.00066254
-0.00068449
-0.00069031
-0.00067517
-0.00063826
-0.00058294
-0.00051553
-0.00044332
-0.00037282
-0.00030856
-0.00025273
-0.00020542
-0.00016545
-0.00013124
-0.00010143
-7.5171e-05
-5.2141e-05
-3.2355e-05
-1.5985e-05
-3.1978e-06
5.9376e-06
1.1504e-05
1.3751e-05
1.3095e-05
1.0103e-05
5.4738e-06
1.4044e-06
3.435e-06
1.354e-05
2.5907e-05
3.5991e-05
4.2797e-05
4.5504e-05
4.3495e-05
3.6348e-05
2.3771e-05
5.467e-06
-1.9058e-05
-5.0677e-05
-9.0754e-05
-0.00014106
-0.00020351
-0.00027958
-0.00036967
-0.00047225
-0.00058292
-0.00069379
-0.00079361
-0.00086988
-0.00091247
-0.00091703
-0.0008862
-0.00082819
-0.00075392
-0.00067433
-0.00059858
-0.00053328
-0.00048251
-0.00044818
-0.00043061
-0.00042899
-0.00044184
-0.00046728
-0.000503
-0.00054598
-0.0005918
-0.00063421
-0.00066552
-0.00067835
-0.000668
-0.00063417
-0.00058096
-0.00051537
-0.00044512
-0.0003767
-0.00031423
-0.0002593
-0.00021163
-0.00017003
-0.00013331
-0.00010067
-7.1827e-05
-4.6856e-05
-2.5984e-05
-9.4395e-06
2.6627e-06
1.0386e-05
1.4001e-05
1.3996e-05
1.1061e-05
6.0636e-06
1.5612e-06
4.0469e-06
1.595e-05
3.0503e-05
4.2326e-05
5.0209e-05
5.3123e-05
5.0264e-05
4.1046e-05
2.5042e-05
1.8415e-06
-2.9148e-05
-6.8909e-05
-0.00011892
-0.00018109
-0.00025741
-0.00034935
-0.00045687
-0.00057713
-0.00070302
-0.00082226
-0.00091872
-0.00097667
-0.00098634
-0.00094751
-0.00086882
-0.00076428
-0.00064904
-0.00053637
-0.00043612
-0.00035457
-0.00029492
-0.00025805
-0.00024325
-0.00024874
-0.00027205
-0.00031028
-0.00036026
-0.00041866
-0.00048169
-0.00054446
-0.00060048
-0.000642
-0.00066191
-0.00065614
-0.00062531
-0.00057445
-0.00051122
-0.00044352
-0.00037747
-0.00031657
-0.00026193
-0.00021319
-0.00016957
-0.00013047
-9.5722e-05
-6.5455e-05
-3.9941e-05
-1.9434e-05
-4.0663e-06
6.2158e-06
1.1697e-05
1.2918e-05
1.0671e-05
5.9711e-06
1.5468e-06
4.5652e-06
1.799e-05
3.4391e-05
4.767e-05
5.6411e-05
5.9375e-05
5.5543e-05
4.4124e-05
2.4494e-05
-3.9444e-06
-4.1983e-05
-9.0827e-05
-0.00015223
-0.00022841
-0.00032158
-0.00043307
-0.00056173
-0.00070179
-0.0008408
-0.00095953
-0.0010361
-0.0010538
-0.0010077
-0.00090593
-0.00076576
-0.00060755
-0.00044978
-0.00030637
-0.00018612
-9.3503e-05
-2.9838e-05
5.5198e-06
1.4324e-05
-1.0374e-06
-3.7722e-05
-9.2434e-05
-0.00016143
-0.00024058
-0.00032553
-0.00041159
-0.00049325
-0.00056372
-0.00061539
-0.00064182
-0.00064003
-0.0006119
-0.00056352
-0.000503
-0.00043805
-0.0003742
-0.00031435
-0.00025942
-0.00020942
-0.0001642
-0.00012383
-8.8544e-05
-5.8624e-05
-3.427e-05
-1.5562e-05
-2.4102e-06
5.493e-06
8.7139e-06
8.0998e-06
4.7589e-06
1.25e-06
4.9805e-06
1.9621e-05
3.7466e-05
5.1809e-05
6.1025e-05
6.3649e-05
5.8423e-05
4.4306e-05
2.0405e-05
-1.4181e-05
-6.0604e-05
-0.00012051
-0.00019617
-0.00029026
-0.00040515
-0.00054125
-0.0006944
-0.0008527
-0.00099468
-0.0010925
-0.001121
-0.0010687
-0.00094203
-0.00076178
-0.00055463
-0.00034562
-0.00015373
9.3664e-06
0.00013827
0.00023201
0.00029209
0.00032107
0.00032164
0.00029631
0.0002475
0.00017784
9.0563e-05
-1.0216e-05
-0.00011956
-0.00023199
-0.00034168
-0.00044226
-0.00052657
-0.00058729
-0.00061899
-0.00062022
-0.00059432
-0.00054831
-0.0004905
-0.00042808
-0.00036592
-0.00030663
-0.0002514
-0.0002009
-0.00015567
-0.00011614
-8.2551e-05
-5.4938e-05
-3.3184e-05
-1.7055e-05
-6.1815e-06
3.902e-09
2.3277e-06
1.8864e-06
5.3303e-07
5.3105e-06
2.0904e-05
3.9809e-05
5.4757e-05
6.388e-05
6.5455e-05
5.7952e-05
4.0021e-05
1.0409e-05
-3.224e-05
-8.9657e-05
-0.00016419
-0.0002588
-0.00037658
-0.00051921
-0.00068415
-0.00086053
-0.0010256
-0.0011462
-0.0011881
-0.0011313
-0.00097898
-0.00075546
-0.00049508
-0.00023122
1.0851e-05
0.00021615
0.00037877
0.0004991
0.00058085
0.00062873
0.00064702
0.00063893
0.00060648
0.00055092
0.00047323
0.00037495
0.00025879
0.0001291
-8.2323e-06
-0.00014632
-0.00027792
-0.00039555
-0.00049159
-0.00055923
-0.00059438
-0.00059734
-0.00057295
-0.00052893
-0.0004734
-0.00041294
-0.00035203
-0.00029346
-0.00023909
-0.00019028
-0.00014782
-0.00011189
-8.2198e-05
-5.8196e-05
-3.931e-05
-2.5009e-05
-1.4736e-05
-7.7936e-06
-3.2611e-06
-7.6127e-07
5.5844e-06
2.1946e-05
4.1576e-05
5.6614e-05
6.4873e-05
6.4308e-05
5.3052e-05
2.9374e-05
-8.4584e-06
-6.2433e-05
-0.00013508
-0.0002296
-0.00034959
-0.0004977
-0.00067282
-0.00086546
-0.0010527
-0.0011969
-0.0012547
-0.0011959
-0.0010187
-0.0007504
-0.00043451
-0.00011475
0.00017574
0.00041817
0.00060658
0.00074384
0.00083722
0.00089502
0.00092441
0.0009305
0.00091616
0.00088233
0.00082852
0.00075357
0.00065651
0.00053752
0.00039888
0.00024543
8.4426e-05
-7.5512e-05
-0.00022542
-0.00035657
-0.00046096
-0.00053253
-0.00056882
-0.00057199
-0.00054817
-0.0005054
-0.00045142
-0.00039245
-0.0003331
-0.00027686
-0.00022625
-0.00018271
-0.0001464
-0.00011647
-9.1611e-05
-7.0613e-05
-5.2598e-05
-3.7013e-05
-2.342e-05
-1.1309e-05
-2.7932e-06
5.8172e-06
2.2799e-05
4.2819e-05
5.7329e-05
6.3702e-05
5.9471e-05
4.2336e-05
1.0076e-05
-3.966e-05
-0.00010965
-0.00020333
-0.00032464
-0.00047694
-0.00066039
-0.00086706
-0.0010747
-0.0012428
-0.0013196
-0.0012629
-0.0010636
-0.00075115
-0.00037952
-4.9504e-06
0.00032975
0.00060138
0.00080449
0.00094565
0.001037
0.0010916
0.0011203
0.0011307
0.0011272
0.0011117
0.0010835
0.0010405
0.00097947
0.000897
0.00079027
0.00065844
0.00050375
0.00033208
0.00015245
-2.4432e-05
-0.00018779
-0.00032773
-0.00043617
-0.00050813
-0.000543
-0.00054468
-0.00052023
-0.00047774
-0.00042477
-0.00036775
-0.0003121
-0.00026195
-0.00021968
-0.00018549
-0.00015776
-0.00013403
-0.00011202
-9.0235e-05
-6.8078e-05
-4.5534e-05
-2.2793e-05
-5.7006e-06
5.9836e-06
2.3356e-05
4.3286e-05
5.6431e-05
5.9571e-05
4.9675e-05
2.388e-05
-2.0662e-05
-8.7049e-05
-0.00017892
-0.00030044
-0.0004555
-0.00064528
-0.0008635
-0.0010894
-0.0012815
-0.0013807
-0.0013322
-0.0011164
-0.00076322
-0.00033755
8.9446e-05
0.00046331
0.00075577
0.00096255
0.0010952
0.0011722
0.0012117
0.0012286
0.0012327
0.0012299
0.0012227
0.0012113
0.0011941
0.0011678
0.0011281
0.0010699
0.00098773
0.00087758
0.00073801
0.00057178
0.00038636
0.00019296
4.3971e-06
-0.00016687
-0.00031018
-0.00041787
-0.00048648
-0.0005173
-0.00051569
-0.0004893
-0.00044644
-0.00039514
-0.00034286
-0.00029575
-0.00025745
-0.00022831
-0.00020571
-0.00018556
-0.00016399
-0.0001386
-0.00010864
-7.4714e-05
-3.8036e-05
-9.5668e-06
6.0032e-06
2.3292e-05
4.231e-05
5.2875e-05
5.0996e-05
3.2911e-05
-4.9647e-06
-6.624e-05
-0.00015483
-0.00027507
-0.00043117
-0.00062516
-0.00085239
-0.0010942
-0.0013099
-0.0014355
-0.0014034
-0.0011802
-0.00079272
-0.00031654
0.00016024
0.00056927
0.00087632
0.0010788
0.0011947
0.0012496
0.0012676
0.001267
0.0012592
0.0012504
0.0012431
0.0012377
0.0012334
0.0012281
0.0012187
0.0012011
0.0011695
0.0011174
0.001038
0.00092608
0.00078028
0.00060454
0.00040845
0.00020554
1.062e-05
-0.00016271
-0.00030371
-0.00040582
-0.00046745
-0.00049169
-0.00048506
-0.00045597
-0.00041368
-0.00036767
-0.00032634
-0.00029493
-0.00027398
-0.00025964
-0.00024569
-0.00022621
-0.00019749
-0.00015861
-0.00011091
-5.7019e-05
-1.4388e-05
5.7433e-06
2.2076e-05
3.8825e-05
4.5048e-05
3.5791e-05
6.3829e-06
-4.7638e-05
-0.00013073
-0.00024752
-0.00040246
-0.00059824
-0.00083175
-0.0010869
-0.0013253
-0.001481
-0.0014751
-0.0012571
-0.00084565
-0.00032443
0.00020003
0.00064291
0.00096248
0.0011579
0.0012542
0.0012853
0.0012812
0.0012633
0.0012438
0.0012282
0.0012181
0.0012131
0.0012122
0.0012141
0.0012175
0.0012203
0.0012193
0.0012098
0.0011852
0.0011376
0.0010588
0.00094308
0.00078972
0.00060463
0.00039999
0.00019161
-4.2952e-06
-0.00017376
-0.00030688
-0.00039888
-0.00045022
-0.00046569
-0.00045318
-0.00042275
-0.00038577
-0.00035297
-0.00033136
-0.00032172
-0.00031866
-0.00031339
-0.00029749
-0.00026569
-0.00021686
-0.00015329
-7.9293e-05
-2.0048e-05
5.0318e-06
1.9019e-05
3.1452e-05
3.0879e-05
1.1191e-05
-3.336e-05
-0.00010822
-0.00021866
-0.00036953
-0.00056413
-0.00080077
-0.0010661
-0.0013254
-0.0015137
-0.0015443
-0.0013477
-0.00092687
-0.00036866
0.00020211
0.00068116
0.0010164
0.0012076
0.0012867
0.0012963
0.0012731
0.0012413
0.0012135
0.0011941
0.001183
0.0011783
0.0011783
0.0011815
0.001187
0.0011941
0.0012022
0.0012098
0.0012138
0.001209
0.0011875
0.0011399
0.001057
0.00093315
0.0007694
0.00057451
0.00036346
0.0001539
-3.7361e-05
-0.00019708
-0.00031713
-0.00039504
-0.00043344
-0.00043922
-0.00042279
-0.00039721
-0.00037554
-0.00036652
-0.000371
-0.00038176
-0.00038708
-0.00037575
-0.00034089
-0.00028122
-0.00020016
-0.00010394
-2.6314e-05
3.6664e-06
1.3315e-05
1.8585e-05
7.9809e-06
-2.5938e-05
-9.0123e-05
-0.000191
-0.00033427
-0.00052403
-0.00075998
-0.0010316
-0.0013087
-0.0015304
-0.0016064
-0.0014493
-0.0010389
-0.00045565
0.00015999
0.00068113
0.0010408
0.0012357
0.0013038
0.0012965
0.0012575
0.0012151
0.0011824
0.0011625
0.0011533
0.0011516
0.0011542
0.0011588
0.0011644
0.0011705
0.0011773
0.0011851
0.0011941
0.001203
0.0012086
0.0012045
0.0011813
0.0011279
0.0010348
0.00089776
0.00072086
0.00051642
0.00030205
9.6412e-05
-8.4264e-05
-0.00022858
-0.00033099
-0.00039172
-0.00041629
-0.00041519
-0.0004029
-0.00039464
-0.00040069
-0.00042158
-0.00044788
-0.00046472
-0.00045813
-0.00041981
-0.00034857
-0.0002491
-0.00012965
-3.2846e-05
1.4206e-06
4.0615e-06
-1.5425e-06
-2.6211e-05
-7.884e-05
-0.00016761
-0.00029967
-0.00048038
-0.00071109
-0.00098425
-0.0012746
-0.0015279
-0.0016554
-0.0015559
-0.0011803
-0.0005898
6.7037e-05
0.00063852
0.0010361
0.0012476
0.0013139
0.0012947
0.0012425
0.001191
0.0011548
0.0011361
0.0011311
0.0011344
0.0011418
0.0011502
0.0011578
0.0011641
0.0011691
0.0011734
0.0011779
0.0011839
0.0011916
0.0011999
0.0012044
0.0011971
0.0011667
0.0011009
0.00099104
0.00083624
0.00064491
0.00043305
0.00022007
2.4436e-05
-0.00013951
-0.00026326
-0.00034453
-0.00038733
-0.00040202
-0.00040438
-0.00041147
-0.0004346
-0.00047341
-0.00051586
-0.0005439
-0.00054118
-0.0004985
-0.00041514
-0.00029719
-0.00015483
-3.9237e-05
-1.9459e-06
-9.6878e-06
-3.0746e-05
-7.422e-05
-0.00015048
-0.00026877
-0.0004364
-0.0006569
-0.00092594
-0.0012238
-0.0015041
-0.0016847
-0.0016579
-0.0013445
-0.00077197
-8.3272e-05
0.00054639
0.00099903
0.0012447
0.0013214
0.0012964
0.0012325
0.0011713
0.0011309
0.0011133
0.0011128
0.0011221
0.0011354
0.001149
0.0011607
0.0011696
0.0011755
0.0011788
0.0011801
0.0011807
0.0011821
0.0011856
0.0011918
0.0011984
0.0011994
0.0011844
0.0011401
0.0010545
0.00092224
0.00074727
0.00054301
0.00032844
0.0001234
-5.5376e-05
-0.00019668
-0.00029588
-0.0003555
-0.00038578
-0.00040365
-0.00042763
-0.00046925
-0.00052652
-0.00058437
-0.00062186
-0.00062106
-0.00057267
-0.00047692
-0.00034136
-0.00017782
-4.5061e-05
-6.6607e-06
-2.8821e-05
-7.0665e-05
-0.00013816
-0.00024301
-0.0003951
-0.00060086
-0.00085976
-0.001158
-0.0014582
-0.0016886
-0.001743
-0.0015183
-0.00099696
-0.00029577
0.00039497
0.00092116
0.0012231
0.0013272
0.0013048
0.0012307
0.0011577
0.0011103
0.0010917
0.0010946
0.0011095
0.001129
0.0011482
0.0011647
0.0011775
0.0011864
0.0011916
0.0011934
0.0011924
0.0011896
0.0011867
0.0011855
0.0011876
0.0011925
0.0011963
0.0011901
0.001161
0.001095
0.00098299
0.00082484
0.00063084
0.00041871
0.00020883
1.9685e-05
-0.00013528
-0.00024936
-0.00032385
-0.00036905
-0.00040295
-0.00044489
-0.00050569
-0.00058075
-0.00065179
-0.00069563
-0.00069388
-0.00063813
-0.0005301
-0.00037873
-0.00019708
-4.9926e-05
-1.2899e-05
-5.4007e-05
-0.00012245
-0.00021928
-0.00035717
-0.00054592
-0.0007895
-0.0010806
-0.0013916
-0.0016635
-0.0017992
-0.0016831
-0.0012508
-0.00057014
0.00017328
0.00078847
0.0011727
0.0013275
0.0013213
0.0012405
0.0011529
0.0010937
0.00107
0.0010738
0.0010932
0.0011183
0.0011431
0.0011644
0.0011815
0.001194
0.0012024
0.0012069
0.0012077
0.0012052
0.0012003
0.0011943
0.0011891
0.0011869
0.0011886
0.001192
0.00119
0.0011706
0.001119
0.0010235
0.00088056
0.00069739
0.00048999
0.00027863
8.2899e-05
-8.2032e-05
-0.00020786
-0.00029506
-0.0003543
-0.00040449
-0.00046503
-0.00054475
-0.00063561
-0.0007162
-0.00076213
-0.00075592
-0.00069117
-0.00057145
-0.00040695
-0.00021138
-5.3517e-05
-2.0742e-05
-8.5532e-05
-0.00018645
-0.00031755
-0.00049184
-0.00071798
-0.0009956
-0.0013075
-0.0016089
-0.0018173
-0.0018178
-0.0015098
-0.00089583
-0.00012646
0.00058285
0.001076
0.0013118
0.0013435
0.0012646
0.001161
0.0010838
0.0010489
0.0010495
0.0010712
0.0011012
0.0011312
0.0011575
0.0011787
0.0011949
0.0012067
0.0012145
0.0012185
0.0012188
0.0012158
0.0012097
0.0012018
0.0011939
0.0011883
0.0011866
0.0011882
0.0011875
0.0011735
0.0011315
0.0010483
0.00091787
0.00074459
0.00054273
0.00033205
0.00013273
-3.8904e-05
-0.00017351
-0.00027134
-0.00034376
-0.00041037
-0.00048952
-0.00058682
-0.00069011
-0.00077532
-0.00081831
-0.00080399
-0.00072889
-0.00059869
-0.00042445
-0.00021991
-5.5633e-05
-3.0144e-05
-0.00012317
-0.000262
-0.00043142
-0.00064392
-0.00090572
-0.00121
-0.0015271
-0.0017929
-0.0019043
-0.0017429
-0.0012478
-0.00050155
0.00028667
0.00090836
0.0012611
0.0013628
0.0013038
0.001187
0.001086
0.0010316
0.0010224
0.0010428
0.0010763
0.0011116
0.0011429
0.0011685
0.0011884
0.0012035
0.0012144
0.0012216
0.0012254
0.0012258
0.0012226
0.0012162
0.0012074
0.0011978
0.0011899
0.0011856
0.0011851
0.0011841
0.0011725
0.0011362
0.0010613
0.00093995
0.00077465
0.00057807
0.00036927
0.00016862
-6.9694e-06
-0.00014775
-0.00025442
-0.00033936
-0.00042232
-0.0005194
-0.00063167
-0.00074262
-0.00082661
-0.00086136
-0.00083561
-0.00074945
-0.00061057
-0.0004305
-0.00022236
-5.6195e-05
-4.0921e-05
-0.00016617
-0.0003474
-0.0005579
-0.00080862
-0.0011019
-0.0014228
-0.0017271
-0.0019317
-0.0019198
-0.0015867
-0.00093048
-0.00010833
0.00064234
0.0011461
0.0013604
0.0013525
0.0012353
0.0011077
0.0010243
0.00099608
0.0010092
0.0010435
0.0010834
0.0011203
0.0011508
0.0011748
0.0011932
0.0012071
0.0012173
0.0012242
0.001228
0.0012285
0.0012254
0.0012191
0.00121
0.0011997
0.0011905
0.0011845
0.0011823
0.0011801
0.001169
0.0011353
0.0010649
0.00094931
0.00078963
0.00059739
0.000391
0.00019066
1.3373e-05
-0.00013146
-0.00024563
-0.00034268
-0.00044168
-0.00055501
-0.00067827
-0.00079095
-0.00086741
-0.00088898
-0.00084927
-0.00075213
-0.00060699
-0.00042525
-0.00021885
-5.5244e-05
-5.2772e-05
-0.00021331
-0.00044013
-0.00069297
-0.00098017
-0.001299
-0.0016246
-0.001898
-0.0020195
-0.0018682
-0.0013693
-0.00058893
0.00025697
0.00093039
0.0013046
0.0013946
0.001305
0.0011571
0.0010367
0.00097739
0.00097352
0.0010034
0.0010463
0.0010889
0.0011253
0.0011541
0.0011763
0.0011933
0.0012063
0.001216
0.0012228
0.0012266
0.0012272
0.0012245
0.0012183
0.0012094
0.0011991
0.0011894
0.0011826
0.001179
0.0011756
0.0011635
0.0011298
0.0010608
0.00094766
0.00079115
0.00060205
0.00039818
0.00019939
2.2189e-05
-0.00012512
-0.000246
-0.00035495
-0.00046916
-0.00059587
-0.00072475
-0.00083244
-0.0008952
-0.00089955
-0.00084449
-0.00073741
-0.00058886
-0.00040961
-0.00020994
-5.2926e-05
-6.5322e-05
-0.00026309
-0.00053717
-0.00083212
-0.0011527
-0.0014898
-0.0018083
-0.0020345
-0.0020565
-0.0017593
-0.0011112
-0.00024659
0.0005799
0.0011516
0.0013975
0.0013834
0.0012382
0.0010806
0.00097759
0.00094302
0.00095906
0.0010005
0.0010479
0.0010909
0.0011259
0.001153
0.0011737
0.0011896
0.0012019
0.0012113
0.001218
0.0012218
0.0012225
0.00122
0.0012142
0.0012056
0.0011957
0.0011863
0.0011793
0.0011749
0.0011699
0.0011558
0.00112
0.0010495
0.00093599
0.00078038
0.0005932
0.00039187
0.0001956
1.982e-05
-0.00012899
-0.00025632
-0.00037694
-0.00050469
-0.0006405
-0.00076847
-0.00086417
-0.00090786
-0.00089232
-0.00082189
-0.00070678
-0.00055799
-0.00038512
-0.0001965
-4.9465e-05
-7.8172e-05
-0.00031391
-0.00063547
-0.00097101
-0.0013208
-0.0016688
-0.0019691
-0.0021347
-0.0020464
-0.0016046
-0.00082977
8.1081e-05
0.00085494
0.0013125
0.0014397
0.0013433
0.0011647
0.0010113
0.00092991
0.00091745
0.00094845
0.0009971
0.0010465
0.0010889
0.0011224
0.0011479
0.0011674
0.0011825
0.0011944
0.0012035
0.00121
0.0012138
0.0012146
0.0012123
0.0012069
0.001199
0.0011898
0.0011811
0.0011744
0.0011695
0.0011626
0.0011452
0.0011054
0.0010309
0.00091465
0.00075805
0.00057185
0.00037314
0.0001802
6.7299e-06
-0.00014322
-0.00027711
-0.00040881
-0.00054723
-0.0006864
-0.00080615
-0.00088334
-0.00090401
-0.00086761
-0.00078314
-0.00066265
-0.00051682
-0.00035373
-0.0001796
-4.5139e-05
-9.0953e-05
-0.00036435
-0.00073229
-0.0011059
-0.0014804
-0.0018323
-0.0021048
-0.0021997
-0.0019946
-0.0014146
-0.00053792
0.00038508
0.0010821
0.001422
0.0014445
0.0012868
0.001092
0.00095121
0.00089145
0.00089703
0.00093851
0.00099136
0.0010413
0.0010828
0.0011149
0.0011394
0.0011581
0.0011726
0.0011841
0.001193
0.0011993
0.001203
0.0012039
0.0012018
0.0011969
0.0011898
0.0011817
0.0011741
0.0011679
0.0011622
0.0011527
0.0011308
0.0010851
0.0010046
0.00088359
0.00072461
0.00053888
0.00034307
0.00015412
-1.661e-05
-0.0001679
-0.00030852
-0.00044988
-0.00059459
-0.00073016
-0.00083429
-0.00088762
-0.00088321
-0.00082679
-0.00073081
-0.00060806
-0.00046822
-0.00031762
-0.00016043
-4.025e-05
-0.00010336
-0.00041323
-0.00082549
-0.0012342
-0.0016288
-0.0019782
-0.0022152
-0.0022313
-0.0019063
-0.0011974
-0.00024452
0.00066075
0.0012641
0.0014892
0.0014233
0.0012229
0.0010244
0.00089995
0.0008595
0.00087873
0.00092708
0.00098212
0.001032
0.0010726
0.001104
0.0011278
0.001146
0.0011602
0.0011714
0.00118
0.0011862
0.0011898
0.0011907
0.0011889
0.0011846
0.0011786
0.0011718
0.0011653
0.0011595
0.0011525
0.0011393
0.0011114
0.001058
0.0009697
0.00084253
0.00068046
0.00049518
0.00030277
0.00011831
-4.9767e-05
-0.00020292
-0.00035005
-0.00049833
-0.00064341
-0.00076769
-0.00084955
-0.00087559
-0.00084618
-0.00077223
-0.00066816
-0.0005464
-0.00041519
-0.00027901
-0.00014014
-3.5094e-05
-0.0001152
-0.00045975
-0.00091366
-0.0013541
-0.0017647
-0.0021061
-0.0023009
-0.0022319
-0.0017854
-0.00095903
4.4417e-05
0.000906
0.0014051
0.0015226
0.001385
0.0011575
0.00096359
0.00085617
0.0008315
0.00086031
0.00091274
0.00096876
0.0010184
0.0010586
0.0010896
0.0011133
0.0011314
0.0011455
0.0011565
0.0011649
0.0011709
0.0011744
0.0011755
0.0011741
0.0011707
0.0011658
0.0011603
0.0011547
0.0011485
0.0011391
0.0011208
0.0010852
0.0010225
0.00092521
0.00079123
0.00062605
0.00044175
0.00025339
7.3608e-05
-9.2304e-05
-0.00024783
-0.00040025
-0.00055108
-0.00068933
-0.00079478
-0.0008494
-0.00084707
-0.00079484
-0.00070712
-0.00059883
-0.00048117
-0.00036062
-0.00023995
-0.0001198
-2.9941e-05
-0.00012635
-0.00050352
-0.00099615
-0.0014651
-0.0018877
-0.0022164
-0.0023631
-0.002203
-0.0016341
-0.00070341
0.00032455
0.00112
0.0015093
0.0015294
0.0013364
0.0010945
0.00091007
0.00081826
0.00080542
0.00084023
0.00089464
0.00095086
0.0010004
0.0010405
0.0010718
0.0010958
0.0011142
0.0011284
0.0011395
0.0011479
0.0011538
0.0011574
0.0011588
0.001158
0.0011555
0.0011517
0.0011471
0.0011416
0.0011339
0.0011205
0.0010954
0.0010504
0.00097728
0.00087036
0.0007297
0.00056212
0.00037975
0.00019607
2.084e-05
-0.00014359
-0.00030139
-0.00045643
-0.00060378
-0.00072745
-0.00080774
-0.00083256
-0.00080329
-0.00073214
-0.00063519
-0.00052655
-0.00041563
-0.00030711
-0.00020222
-0.00010032
-2.5017e-05
-0.00013681
-0.0005445
-0.001073
-0.0015673
-0.0019985
-0.0023101
-0.0024027
-0.0021449
-0.0014532
-0.00043363
0.00059221
0.0013022
0.0015804
0.0015157
0.0012826
0.0010362
0.00086361
0.00078479
0.0007798
0.00081751
0.00087221
0.00092809
0.00097754
0.0010181
0.0010502
0.001075
0.0010942
0.001109
0.0011204
0.001129
0.0011351
0.001139
0.0011407
0.0011406
0.0011389
0.0011358
0.0011313
0.0011247
0.0011138
0.0010946
0.0010609
0.0010053
0.00092106
0.00080477
0.00065841
0.00048979
0.00031052
0.00013198
-3.9101e-05
-0.00020249
-0.00036129
-0.00051447
-0.00065121
-0.00075315
-0.00080416
-0.00079942
-0.00074684
-0.00066179
-0.00056031
-0.00045479
-0.00035261
-0.00025674
-0.0001672
-8.2374e-05
-2.0495e-05
-0.00014665
-0.00058299
-0.0011448
-0.0016619
-0.0020984
-0.0023882
-0.0024196
-0.0020563
-0.0012424
-0.00015267
0.00084361
0.0014522
0.0016222
0.0014868
0.0012277
0.00098415
0.00082381
0.00075472
0.00075381
0.00079166
0.00084516
0.00090012
0.0009495
0.00099082
0.001024
0.0010502
0.0010706
0.0010864
0.0010986
0.0011078
0.0011144
0.0011187
0.0011209
0.0011213
0.0011199
0.0011167
0.0011111
0.0011017
0.0010858
0.001059
0.0010152
0.00094824
0.00085321
0.00072873
0.00057841
0.00041053
0.00023555
6.2359e-05
-0.00010497
-0.00026693
-0.0004238
-0.00056918
-0.00068808
-0.00076293
-0.00078349
-0.00075209
-0.00068138
-0.00058785
-0.00048618
-0.00038655
-0.00029433
-0.00021107
-0.00013586
-6.6435e-05
-1.6487e-05
-0.00015601
-0.00061952
-0.0012126
-0.00175
-0.0021886
-0.0024512
-0.0024126
-0.0019346
-0.0010012
0.00013562
0.0010743
0.0015693
0.0016379
0.001447
0.0011745
0.00093919
0.00079034
0.00072754
0.00072721
0.00076265
0.00081341
0.00086666
0.00091569
0.00095775
0.00099238
0.0010202
0.0010423
0.0010596
0.0010729
0.001083
0.0010903
0.0010952
0.0010978
0.0010982
0.0010964
0.0010919
0.0010837
0.0010698
0.0010471
0.001011
0.00095649
0.00087846
0.0007739
0.0006433
0.00049136
0.00032614
0.00015646
-1.1311e-05
-0.00017479
-0.00033356
-0.00048398
-0.00061498
-0.00071003
-0.00075526
-0.00074721
-0.00069412
-0.00061117
-0.00051427
-0.00041598
-0.00032414
-0.00024237
-0.00017108
-0.00010874
-5.2747e-05
-1.3053e-05
-0.00016506
-0.0006548
-0.0012777
-0.0018333
-0.0022703
-0.0024987
-0.0023788
-0.0017758
-0.00072961
0.00042579
0.0012792
0.0016532
0.0016309
0.0014004
0.0011256
0.00090205
0.00076321
0.00070339
0.00070042
0.00073098
0.00077722
0.0008276
0.00087555
0.00091798
0.00095391
0.00098351
0.0010074
0.0010265
0.0010413
0.0010526
0.0010607
0.001066
0.0010687
0.0010685
0.0010653
0.0010582
0.0010457
0.0010257
0.00099478
0.00094896
0.00088392
0.00079616
0.00068436
0.00055037
0.00039938
0.00023864
7.5036e-05
-8.7004e-05
-0.00024553
-0.00039788
-0.00053634
-0.000647
-0.00071469
-0.00073096
-0.00069867
-0.00062997
-0.00054054
-0.00044458
-0.0003522
-0.00026917
-0.00019763
-0.00013723
-8.6066e-05
-4.1377e-05
-1.0207e-05
-0.000174
-0.00068958
-0.0013412
-0.001913
-0.0023439
-0.0025291
-0.0023136
-0.0015755
-0.00042979
0.00071016
0.0014526
0.0017036
0.0016048
0.0013508
0.001083
0.00087344
0.00074286
0.00068307
0.0006746
0.0006978
0.00073746
0.00078326
0.00082883
0.0008707
0.00090733
0.00093835
0.00096398
0.0009847
0.001001
0.0010134
0.0010223
0.0010278
0.0010298
0.0010283
0.0010226
0.0010116
0.00099376
0.00096662
0.00092717
0.000872
0.0007979
0.0007028
0.00058674
0.00045242
0.00030489
0.00015019
-6.5091e-06
-0.00016187
-0.0003131
-0.00045471
-0.00057588
-0.00066225
-0.00070219
-0.00069306
-0.00064249
-0.00056438
-0.00047345
-0.0003816
-0.00029664
-0.00022257
-0.00016051
-0.00010959
-6.7763e-05
-3.2263e-05
-7.9316e-06
-0.00018302
-0.00072454
-0.0014044
-0.0019899
-0.0024088
-0.0025389
-0.0022108
-0.0013299
-0.00010706
0.00097879
0.0015888
0.0017217
0.001564
0.0013018
0.0010485
0.0008542
0.00073027
0.00066818
0.0006518
0.00066522
0.0006959
0.00073485
0.00077603
0.00081568
0.00085174
0.00088324
0.00090991
0.00093185
0.00094928
0.00096247
0.0009716
0.00097669
0.0009776
0.00097392
0.00096488
0.00094929
0.00092545
0.00089118
0.00084388
0.00078094
0.00070025
0.00060092
0.00048394
0.0003523
0.00021047
6.3247e-05
-8.5395e-05
-0.00023222
-0.00037285
-0.00049927
-0.0005993
-0.00066028
-0.00067513
-0.00064615
-0.00058377
-0.00050182
-0.0004132
-0.00032745
-0.00025043
-0.00018483
-0.00013105
-8.801e-05
-5.3628e-05
-2.5274e-05
-6.1903e-06
-0.00019226
-0.00076018
-0.0014677
-0.002064
-0.0024632
-0.0025229
-0.0020629
-0.0010374
0.00022905
0.00122
0.0016833
0.0017102
0.0015136
0.0012571
0.0010239
0.00084541
0.00072705
0.00066116
0.00063511
0.00063661
0.00065574
0.00068505
0.00071908
0.00075402
0.00078739
0.00081767
0.00084405
0.00086616
0.00088386
0.00089711
0.00090586
0.00090997
0.00090911
0.00090273
0.00088998
0.00086967
0.00084024
0.00079981
0.00074639
0.00067818
0.00059402
0.00049388
0.00037924
0.00025298
0.00011883
-1.9403e-05
-0.00015828
-0.00029396
-0.00042046
-0.0005283
-0.00060574
-0.00064317
-0.00063787
-0.00059549
-0.00052733
-0.00044603
-0.00036231
-0.00028363
-0.00021431
-0.00015614
-0.00010918
-7.2257e-05
-4.3442e-05
-2.0274e-05
-4.9478e-06
-0.00020178
-0.00079668
-0.0015312
-0.0021341
-0.0025032
-0.0024738
-0.0018626
-0.00070085
0.00056449
0.0014219
0.0017341
0.0016741
0.0014592
0.0012201
0.0010107
0.00084846
0.00073541
0.00066535
0.00062887
0.00061695
0.00062219
0.00063883
0.00066233
0.00068919
0.00071676
0.00074316
0.00076706
0.0007876
0.0008042
0.00081645
0.00082401
0.00082651
0.00082347
0.00081425
0.00079798
0.00077358
0.00073972
0.00069495
0.00063787
0.00056739
0.00048306
0.00038539
0.00027601
0.00015746
3.2824e-05
-9.4687e-05
-0.00022163
-0.00034341
-0.00045299
-0.00054076
-0.00059677
-0.0006148
-0.00059544
-0.00054593
-0.00047706
-0.00039968
-0.00032241
-0.00025103
-0.00018871
-0.00013669
-9.4891e-05
-6.2274e-05
-3.7118e-05
-1.7208e-05
-4.1888e-06
-0.00021154
-0.00083381
-0.001594
-0.0021979
-0.0025237
-0.0023831
-0.0016038
-0.00032876
0.00088169
0.001574
0.0017425
0.0016204
0.0014068
0.0011937
0.0010104
0.00086507
0.00075813
0.00068489
0.00063863
0.00061301
0.0006029
0.00060426
0.00061373
0.00062851
0.00064625
0.00066496
0.00068306
0.00069928
0.00071261
0.00072225
0.0007275
0.00072774
0.00072229
0.00071043
0.00069133
0.00066403
0.00062748
0.00058065
0.00052265
0.00045292
0.0003715
0.00027917
0.00017749
6.8666e-05
-4.4677e-05
-0.00015959
-0.00027244
-0.00037811
-0.00046942
-0.00053777
-0.00057559
-0.00057955
-0.0005522
-0.00050092
-0.0004352
-0.00036397
-0.00029409
-0.00022995
-0.00017389
-0.00012678
-8.8521e-05
-5.8345e-05
-3.4865e-05
-1.6181e-05
-3.9399e-06
-0.00022138
-0.00087088
-0.0016543
-0.0022515
-0.0025178
-0.0022415
-0.0012844
6.3561e-05
0.0011616
0.0016697
0.0017141
0.0015576
0.0013619
0.0011803
0.0010243
0.00089709
0.0007983
0.00072445
0.00067082
0.0006331
0.00060797
0.00059286
0.00058571
0.0005847
0.00058815
0.00059447
0.0006022
0.00060995
0.00061652
0.00062078
0.00062173
0.00061847
0.0006101
0.00059577
0.00057463
0.0005458
0.00050846
0.00046189
0.00040556
0.00033929
0.00026339
0.00017873
8.6746e-05
-1.0629e-05
-0.00011105
-0.00021167
-0.00030878
-0.00039727
-0.00047062
-0.00052187
-0.00054579
-0.00054104
-0.00051086
-0.00046187
-0.00040196
-0.00033837
-0.00027656
-0.00021985
-0.00016979
-0.0001268
-9.0764e-05
-6.1229e-05
-3.7296e-05
-1.7531e-05
-4.288e-06
-0.00023105
-0.0009068
-0.0017095
-0.0022902
-0.0024773
-0.0020399
-0.00090776
0.00045494
0.0013868
0.0017083
0.0016583
0.0014945
0.0013285
0.0011811
0.0010534
0.00094613
0.0008587
0.0007884
0.00073182
0.000686
0.00064881
0.00061877
0.00059484
0.00057621
0.00056208
0.0005516
0.00054386
0.00053785
0.00053252
0.0005268
0.00051961
0.00050988
0.00049659
0.00047874
0.00045539
0.00042566
0.00038881
0.00034423
0.00029158
0.00023086
0.00016246
8.7226e-05
6.4637e-06
-7.8112e-05
-0.00016436
-0.00024956
-0.0003302
-0.00040171
-0.00045871
-0.00049604
-0.00051031
-0.00050128
-0.000472
-0.00042791
-0.0003754
-0.00032043
-0.00026749
-0.00021904
-0.00017568
-0.00013702
-0.00010259
-7.2149e-05
-4.5469e-05
-2.1859e-05
-5.3888e-06
-0.00024021
-0.00094019
-0.0017566
-0.0023085
-0.0023937
-0.0017707
-0.00048481
0.00082061
0.0015448
0.0016955
0.0015871
0.0014385
0.0013086
0.0011961
0.0010976
0.0010127
0.00094075
0.0008794
0.00082607
0.00077857
0.00073536
0.00069554
0.00065866
0.00062453
0.0005931
0.00056429
0.00053792
0.00051369
0.00049112
0.00046963
0.00044847
0.00042683
0.00040382
0.0003785
0.00034995
0.00031731
0.0002798
0.00023684
0.00018805
0.0001334
7.3193e-05
8.1221e-06
-6.0719e-05
-0.00013185
-0.00020338
-0.0002729
-0.00033735
-0.00039302
-0.00043587
-0.00046233
-0.00047032
-0.00046001
-0.00043384
-0.00039602
-0.00035167
-0.00030596
-0.00026292
-0.00022438
-0.00018976
-0.00015715
-0.0001249
-9.2598e-05
-6.0795e-05
-2.9994e-05
-7.4601e-06
-0.00024854
-0.00096973
-0.0017927
-0.0023009
-0.0022578
-0.0014289
-3.425e-05
0.0011358
0.0016307
0.0016431
0.0015124
0.0013942
0.0013021
0.0012237
0.001155
0.0010951
0.0010428
0.00099629
0.00095334
0.00091218
0.00087149
0.00083048
0.00078882
0.00074651
0.00070377
0.00066092
0.00061833
0.00057627
0.00053496
0.00049447
0.00045473
0.00041553
0.00037653
0.00033727
0.00029721
0.00025577
0.00021237
0.00016649
0.0001178
6.6139e-05
1.165e-05
-4.5222e-05
-0.00010369
-0.00016264
-0.00022056
-0.00027555
-0.00032529
-0.00036711
-0.0003983
-0.00041664
-0.000421
-0.00041165
-0.00039031
-0.00035995
-0.00032463
-0.00028904
-0.00025727
-0.00023106
-0.00020865
-0.00018568
-0.00015797
-0.00012394
-8.4804e-05
-4.289e-05
-1.0756e-05
-0.00025581
-0.00099442
-0.0018151
-0.0022617
-0.0020593
-0.0010137
0.00041793
0.0013796
0.0016485
0.0015665
0.001444
0.0013626
0.0013061
0.0012602
0.0012212
0.0011877
0.0011585
0.0011317
0.0011057
0.0010788
0.0010498
0.0010178
0.00098238
0.00094333
0.00090073
0.00085485
0.00080608
0.00075489
0.00070177
0.00064721
0.00059165
0.0005355
0.00047909
0.00042266
0.00036636
0.00031025
0.00025434
0.00019858
0.00014297
8.7527e-05
3.2409e-05
-2.2069e-05
-7.5401e-05
-0.00012686
-0.0001755
-0.00022015
-0.00025946
-0.000292
-0.00031645
-0.00033188
-0.00033792
-0.00033482
-0.00032343
-0.00030526
-0.00028297
-0.00026066
-0.00024298
-0.00023254
-0.00022707
-0.00021932
-0.0002008
-0.00016687
-0.00011879
-6.1452e-05
-1.5524e-05
-0.00026201
-0.001014
-0.0018223
-0.0021847
-0.0017853
-0.00053155
0.00084028
0.0015386
0.0016107
0.0014824
0.0013876
0.0013417
0.0013163
0.0012996
0.0012883
0.0012807
0.0012754
0.001271
0.0012659
0.0012588
0.0012485
0.0012343
0.0012155
0.0011916
0.0011625
0.0011282
0.0010886
0.0010441
0.00099483
0.00094129
0.00088392
0.00082327
0.00075996
0.00069464
0.00062802
0.00056079
0.00049367
0.00042729
0.0003623
0.00029924
0.00023864
0.00018097
0.00012666
7.6115e-05
2.9657e-05
-1.2467e-05
-5.0139e-05
-8.3406e-05
-0.00011249
-0.00013772
-0.00015933
-0.00017726
-0.00019095
-0.00019966
-0.00020349
-0.00020487
-0.00020878
-0.00021999
-0.0002377
-0.00025261
-0.00025048
-0.00022084
-0.0001634
-8.6336e-05
-2.1955e-05
-0.00026738
-0.0010291
-0.0018131
-0.0020607
-0.0014187
-2.2647e-07
0.0011991
0.0016101
0.0015371
0.0014055
0.0013453
0.001328
0.0013272
0.0013344
0.0013462
0.001361
0.0013773
0.0013938
0.0014094
0.0014231
0.0014341
0.0014416
0.001445
0.001444
0.0014382
0.0014273
0.0014111
0.0013895
0.0013622
0.0013294
0.0012911
0.0012475
0.0011989
0.0011458
0.0010889
0.001029
0.00096706
0.00090407
0.00084109
0.00077914
0.0007191
0.00066166
0.00060725
0.00055591
0.00050729
0.00046056
0.00041444
0.00036727
0.00031727
0.00026296
0.00020373
0.00014037
7.5358e-05
1.2613e-05
-4.3811e-05
-9.2163e-05
-0.00013546
-0.00018044
-0.00023053
-0.00027756
-0.00030179
-0.00028373
-0.00021852
-0.00011789
-3.0168e-05
-0.00027242
-0.0010411
-0.0017854
-0.0018732
-0.00094076
0.00054513
0.0014636
0.0016038
0.0014521
0.0013465
0.0013163
0.0013183
0.0013341
0.0013575
0.0013853
0.0014157
0.0014475
0.0014795
0.0015111
0.0015414
0.0015701
0.0015967
0.001621
0.0016428
0.0016619
0.0016781
0.0016911
0.0017007
0.0017066
0.0017085
0.001706
0.0016988
0.0016867
0.0016697
0.0016477
0.0016212
0.0015904
0.0015562
0.0015192
0.0014802
0.00144
0.0013989
0.001357
0.0013139
0.0012683
0.0012184
0.0011615
0.0010946
0.0010145
0.00091892
0.00080682
0.00067943
0.00054062
0.00039688
0.00025649
0.00012727
1.2754e-05
-9.07e-05
-0.00018996
-0.00028241
-0.00034656
-0.00035182
-0.00028364
-0.0001565
-4.0308e-05
-0.00027788
-0.0010515
-0.0017332
-0.0015893
-0.00034452
0.0010501
0.0016131
0.0015442
0.0013807
0.0013117
0.0013
0.0013112
0.0013343
0.0013644
0.001399
0.0014361
0.0014747
0.0015139
0.0015531
0.0015918
0.00163
0.0016676
0.0017047
0.0017415
0.0017782
0.001815
0.0018519
0.0018889
0.0019259
0.0019628
0.0019989
0.002034
0.0020673
0.0020984
0.0021265
0.0021511
0.0021717
0.002188
0.0021998
0.0022066
0.0022084
0.0022046
0.0021944
0.0021765
0.0021488
0.0021088
0.002053
0.0019777
0.0018791
0.0017541
0.001601
0.0014201
0.0012144
0.00099
0.00075575
0.00052281
0.00030209
0.00010034
-8.2262e-05
-0.00024519
-0.0003707
-0.00041907
-0.00035891
-0.00020368
-5.2858e-05
-0.00028464
-0.0010613
-0.0016401
-0.0011518
0.00034
0.0014479
0.0016474
0.0014688
0.0013422
0.001302
0.0012963
0.0013066
0.0013268
0.0013534
0.0013845
0.0014186
0.0014546
0.0014917
0.0015294
0.0015671
0.0016051
0.0016433
0.0016822
0.0017222
0.0017641
0.0018083
0.0018555
0.0019061
0.0019605
0.0020189
0.0020813
0.0021474
0.0022168
0.0022887
0.0023622
0.0024362
0.0025093
0.0025802
0.0026473
0.0027089
0.0027635
0.0028092
0.002844
0.0028658
0.002872
0.0028599
0.0028264
0.0027681
0.0026816
0.0025639
0.0024124
0.0022255
0.0020027
0.0017455
0.0014577
0.0011464
0.00082137
0.0004946
0.00017925
-0.00010811
-0.00034081
-0.00047153
-0.00044536
-0.00026394
-6.9246e-05
-0.00029359
-0.0010684
-0.0014624
-0.00049516
0.0010226
0.0016785
0.0015971
0.0014174
0.0013398
0.0013115
0.001301
0.0013009
0.0013081
0.0013212
0.0013393
0.0013613
0.0013863
0.0014133
0.0014417
0.0014708
0.0015006
0.0015309
0.0015623
0.0015953
0.0016307
0.0016693
0.0017122
0.0017603
0.0018144
0.0018752
0.0019434
0.0020193
0.0021028
0.0021937
0.0022911
0.0023941
0.0025009
0.0026096
0.0027178
0.0028229
0.002922
0.003012
0.0030899
0.003153
0.0031984
0.0032239
0.0032274
0.0032072
0.0031614
0.0030886
0.0029866
0.0028528
0.0026838
0.0024756
0.0022241
0.0019256
0.001578
0.0011824
0.00074354
0.00027882
-0.00015651
-0.00046302
-0.00053801
-0.00034657
-9.272e-05
-0.00030702
-0.0010665
-0.0010834
0.00037778
0.0015572
0.0017166
0.0015181
0.001399
0.0013486
0.0013171
0.0012933
0.0012749
0.0012618
0.0012543
0.0012525
0.0012562
0.0012645
0.0012765
0.0012912
0.0013077
0.0013253
0.0013437
0.0013631
0.0013838
0.0014066
0.0014322
0.0014618
0.0014965
0.0015374
0.0015857
0.0016423
0.0017081
0.0017837
0.0018692
0.0019646
0.0020691
0.0021814
0.0022998
0.0024219
0.0025445
0.0026643
0.0027777
0.0028811
0.0029711
0.003045
0.0031008
0.0031375
0.003155
0.0031538
0.0031345
0.0030977
0.0030428
0.0029673
0.002867
0.0027342
0.0025584
0.0023249
0.0020157
0.0016092
0.001081
0.00042503
-0.00023166
-0.00059012
-0.00046333
-0.00012929
-0.00032683
-0.0010158
-0.00028118
0.0012845
0.001776
0.0015966
0.0014316
0.0013549
0.0013049
0.0012614
0.0012206
0.0011825
0.0011484
0.00112
0.0010982
0.0010833
0.0010748
0.0010717
0.0010728
0.0010769
0.0010828
0.00109
0.001098
0.001107
0.0011172
0.0011294
0.0011445
0.0011634
0.0011873
0.0012174
0.0012547
0.0013004
0.0013552
0.0014199
0.0014947
0.0015795
0.0016737
0.0017761
0.0018846
0.0019968
0.0021095
0.0022194
0.0023228
0.0024163
0.0024973
0.0025639
0.0026152
0.0026519
0.0026754
0.0026882
0.0026929
0.0026918
0.0026864
0.0026768
0.0026608
0.0026328
0.0025817
0.0024875
0.0023161
0.0020107
0.0014771
0.00060093
-0.00037077
-0.0006019
-0.00018757
-0.00037088
-0.00066809
0.00096028
0.0017617
0.0015718
0.0013497
0.001235
0.0011634
0.0011054
0.0010527
0.0010025
0.00095495
0.00091118
0.00087279
0.00084099
0.00081624
0.00079829
0.00078628
0.000779
0.00077518
0.00077369
0.00077362
0.00077441
0.00077583
0.00077796
0.00078116
0.00078599
0.00079319
0.0008036
0.00081813
0.0008377
0.00086323
0.00089553
0.00093531
0.00098306
0.001039
0.0011029
0.0011741
0.0012516
0.0013335
0.0014177
0.0015016
0.0015823
0.0016571
0.0017236
0.0017801
0.0018258
0.001861
0.0018869
0.0019058
0.0019203
0.0019337
0.0019489
0.0019686
0.0019954
0.0020312
0.0020772
0.0021322
0.0021883
0.0022198
0.002153
0.0017927
0.00073308
-0.00055925
-0.00028641
-0.00040503
0.00070169
0.0015784
0.0012513
0.00098251
0.00084161
0.00076074
0.00070384
0.00065797
0.00061788
0.00058095
0.0005465
0.00051491
0.00048698
0.00046339
0.00044449
0.00043012
0.00041978
0.00041271
0.00040808
0.00040511
0.00040317
0.00040183
0.00040084
0.00040018
0.00039995
0.00040042
0.00040197
0.00040501
0.00041005
0.0004176
0.00042817
0.00044226
0.00046028
0.0004826
0.0005094
0.00054071
0.0005763
0.00061565
0.00065795
0.00070208
0.00074666
0.00079017
0.00083107
0.00086797
0.00089979
0.00092594
0.00094639
0.00096174
0.0009731
0.00098202
0.0009903
0.00099986
0.0010127
0.0010308
0.0010567
0.0010933
0.0011446
0.0012168
0.0013191
0.0014648
0.0016478
0.0017035
0.00067374
-0.00038473
0
-0.00040503
-0.0018963
-0.0032441
-0.0045133
-0.0057302
-0.0069154
-0.0080761
-0.0092132
-0.010326
-0.011412
-0.012469
-0.013496
-0.014488
-0.015444
-0.016361
-0.017238
-0.018071
-0.01886
-0.019602
-0.020296
-0.020941
-0.021535
-0.022077
-0.022565
-0.022999
-0.023377
-0.023698
-0.023961
-0.024166
-0.024311
-0.024398
-0.024424
-0.02439
-0.024296
-0.024142
-0.023928
-0.023656
-0.023325
-0.022936
-0.022492
-0.021992
-0.02144
-0.020836
-0.020182
-0.019481
-0.018733
-0.017941
-0.017107
-0.016232
-0.015317
-0.014366
-0.013379
-0.012359
-0.011306
-0.010224
-0.0091141
-0.0079773
-0.0068146
-0.0056256
-0.0044067
-0.0031504
-0.0018239
-0.00038473
0
