0
-1.0615e-07
7.0075e-06
3.3004e-05
3.1813e-05
-0.00012167
-0.00044492
-0.00069687
-0.00068911
-0.00049262
-0.00027099
-0.00011255
-2.6677e-05
3.6408e-06
3.5593e-06
1.1859e-07
0
-1.0615e-07
2.6874e-06
2.3252e-05
8.5184e-05
3.7014e-05
-0.00052559
-0.0016564
-0.002565
-0.0025853
-0.0019072
-0.0010927
-0.00048436
-0.0001428
-1.2268e-05
4.4391e-06
9.1521e-07
1.1859e-07
6.9546e-06
2.3401e-05
1.5335e-05
-5.8151e-05
-0.00036489
-0.0012506
-0.0027092
-0.0040068
-0.0042872
-0.0034799
-0.0022289
-0.0011481
-0.00047168
-0.00015555
-3.6836e-05
4.3266e-06
3.6006e-06
3.3884e-05
9.2623e-05
-4.0545e-05
-0.00052422
-0.0013905
-0.0023509
-0.003101
-0.0039022
-0.0045157
-0.0042937
-0.0032494
-0.0019952
-0.0010383
-0.00047741
-0.00016571
-1.6998e-05
3.0151e-06
6.087e-05
0.00014195
-0.00026013
-0.0014868
-0.003265
-0.0039686
-0.0032082
-0.0026568
-0.0031193
-0.0037647
-0.0036113
-0.0027147
-0.0017196
-0.0010104
-0.00053761
-0.00020703
-4.4565e-05
4.0845e-05
-2.063e-05
-0.0010405
-0.0035484
-0.0062082
-0.0052004
-0.0021289
-6.4589e-05
-0.00014195
-0.0015732
-0.0027026
-0.002774
-0.0022491
-0.001792
-0.0014106
-0.00080052
-0.00020805
-0.0001038
-0.00072215
-0.0031007
-0.0076142
-0.0089821
-0.0033989
0.0026117
0.005715
0.0053384
0.0026083
-0.00025358
-0.0018261
-0.0023656
-0.0027803
-0.0029213
-0.0019362
-0.00052885
-0.00052713
-0.0025422
-0.0073415
-0.013241
-0.0076389
0.0039712
0.011886
0.014945
0.013543
0.0089206
0.003784
0.00019279
-0.0019732
-0.0038478
-0.0048397
-0.0033977
-0.00094245
-0.0014309
-0.0061283
-0.014072
-0.015831
0.00087211
0.015272
0.021573
0.022884
0.020429
0.014559
0.0077442
0.0023927
-0.0015003
-0.0049176
-0.0065203
-0.0045521
-0.00126
-0.0028162
-0.011267
-0.021361
-0.010313
0.012961
0.023104
0.024029
0.023176
0.02101
0.015741
0.0089888
0.0031265
-0.0017475
-0.0058721
-0.0072557
-0.0048259
-0.0013174
-0.0044481
-0.016767
-0.024618
0.00086213
0.02116
0.023164
0.019761
0.018654
0.017578
0.013596
0.0078574
0.0023405
-0.0026141
-0.0063138
-0.0069282
-0.0043415
-0.0011639
-0.0061329
-0.021636
-0.020124
0.012214
0.02448
0.021057
0.016258
0.01437
0.012784
0.0095243
0.0051802
0.00089609
-0.0030797
-0.0059263
-0.0061374
-0.0037664
-0.0010005
-0.0074671
-0.024276
-0.0078551
0.020996
0.024594
0.020404
0.017319
0.014997
0.012218
0.0086133
0.0044947
0.00031028
-0.0036607
-0.0058236
-0.0057969
-0.0037707
-0.001014
-0.0077614
-0.021568
0.0073467
0.024677
0.022731
0.022465
0.022669
0.022716
0.021927
0.020219
0.017448
0.013481
0.0078454
-3.6293e-05
-0.0058576
-0.0052747
-0.0015855
-0.0079069
-0.010519
0.019152
0.023036
0.020037
0.021237
0.022853
0.025431
0.028397
0.031305
0.033221
0.033133
0.030056
0.022817
0.0078064
-0.0071533
-0.0033351
-0.0069329
0.012004
0.022385
0.016837
0.014945
0.013529
0.013495
0.014581
0.016953
0.020383
0.024217
0.02758
0.029842
0.03047
0.027399
0.01002
-0.0056778
0
-0.0069329
-0.030107
-0.048398
-0.064203
-0.077155
-0.086494
-0.091985
-0.093369
-0.090614
-0.083961
-0.073888
-0.060914
-0.045361
-0.026697
-0.0056778
0
