0
-1.1087e-05
0.00024843
0.0015271
-0.00066344
-0.0041963
-0.0065861
-0.0055581
-0.003686
-0.00077212
0.00068245
-6.4788e-05
0.00042345
0.00061089
0.00020669
-6.1262e-06
0
-1.1087e-05
0.00018846
0.0015686
0.0023197
-0.0016274
-0.0070883
-0.014271
-0.017352
-0.017536
-0.0061434
0.00070075
0.00037384
0.0014896
0.0016311
0.00043716
6.0772e-05
-6.1262e-06
0.0006741
0.00084306
-0.0025594
-0.0070261
-0.0028952
-0.0039411
-0.0015678
-0.0057856
-0.0060172
-0.018266
-0.012427
0.0041202
0.00015648
-0.00021981
0.00019053
0.00067542
5.1141e-05
0.0010103
0.0015381
-0.00054667
-0.011273
-0.0057869
-0.00016578
0.0026718
0.0022513
0.0027332
-0.0013174
-0.013638
-0.018727
-0.00046146
-0.0045387
-0.00072895
0.0027711
0.00043185
0.0020165
0.0053912
-0.019888
-0.0073326
0.0013253
0.0076043
0.0073568
0.010395
0.0079968
0.0091883
0.0017031
-0.0094885
-0.013546
-0.014943
-0.0048377
0.0051703
0.0021018
-0.00020596
-0.0024511
-0.018988
0.00106
0.0086519
0.0093559
0.010716
0.012134
0.011077
0.011644
0.010767
0.0014332
-0.006434
-0.0087135
-0.0067194
0.0017279
0.0017461
-0.0016171
-0.023386
-0.00364
0.012719
0.0086863
0.0096293
0.01235
0.010721
0.012597
0.010534
0.014149
0.0084623
0.00053501
-0.0034699
-0.003492
-0.0050628
-0.0023477
-0.004513
-0.030956
0.0011569
0.00771
0.0060608
0.011549
0.011865
0.010786
0.013799
0.0098568
0.012842
0.010939
0.0032287
-0.001621
-0.0033024
-0.010791
-0.0045887
-0.0079225
-0.035724
0.0056272
0.013252
0.0091015
0.011926
0.011346
0.012969
0.015859
0.011945
0.01359
0.01184
0.0049378
-0.00065724
-0.0056346
-0.01326
-0.0041417
-0.00988
-0.035755
0.010444
0.0082533
0.0051036
0.0116
0.01149
0.012208
0.012693
0.010152
0.012481
0.011104
0.0037178
-0.0016939
-0.007358
-0.01134
-0.0025623
-0.010989
-0.034539
0.013451
0.012356
0.0077108
0.011122
0.0107
0.011706
0.011403
0.011833
0.013342
0.0092959
0.002125
-0.0038829
-0.013061
-0.0037133
-0.00060929
-0.012623
-0.028903
0.017171
0.0068676
0.0028947
0.010302
0.010619
0.011347
0.011617
0.01164
0.0098162
0.0050867
-0.0024488
-0.010516
-0.0097046
0.00069632
0.0005432
-0.020956
-0.015512
0.020918
0.011608
0.0029341
0.0047993
0.0088701
0.0076578
0.0097222
0.0070232
0.0056682
0.00046579
-0.0068259
-0.0067442
-0.0012686
0.00045729
0.00022271
-0.029732
0.0040664
0.023124
0.002445
0.0046626
-0.00020036
0.002911
0.00062158
0.0026212
-0.0001754
0.00092571
-0.0039286
-0.0058582
-0.014478
-0.00064673
-0.00025603
0.0021855
-0.025293
0.014061
0.020935
0.017447
0.019974
0.017498
0.016746
0.01286
0.011176
0.0067557
0.0055954
-0.001259
-0.0021559
0.0018047
-0.01116
-0.0089845
0.0061336
-0.0089457
0.014649
0.018293
0.024996
0.029693
0.03581
0.038699
0.043052
0.045069
0.048368
0.048714
0.050115
0.046179
0.035086
0.02333
0.0096968
-0.0042141
0
-0.0089457
-0.028636
-0.045762
-0.059276
-0.070001
-0.078246
-0.082684
-0.083297
-0.078556
-0.069714
-0.05641
-0.043421
-0.029477
-0.015296
-0.0042141
0
