0
-4.3727e-06
0.00020015
0.0010884
0.00097803
-0.0027195
-0.0052875
-0.0050871
-0.0035246
-0.00077736
0.00052802
0.00039643
0.00012131
0.00026259
4.1981e-05
-2.0003e-06
0
-4.3727e-06
0.00011708
0.0010654
0.0027022
0.00098602
-0.0056671
-0.012506
-0.015917
-0.014643
-0.0050035
0.00053972
0.0010563
0.00047856
0.00074793
0.00016544
1.7049e-05
-2.0003e-06
0.00041207
0.00070185
-0.0008847
-0.0030009
-0.0068541
-0.0036073
-0.0030397
-0.0059702
-0.0086504
-0.017633
-0.010601
-0.00067963
0.00071937
0.00012563
0.00038415
0.00018935
2.5973e-05
0.00079962
0.0020981
-0.00025622
-0.014046
-0.0079019
-0.0019865
0.0010807
0.0010363
0.0013019
-0.0035658
-0.014077
-0.013339
0.001682
-0.0026335
0.00048059
0.001066
0.00023586
0.0010895
0.0023908
-0.0043043
-0.013534
-0.003795
0.0045644
0.0058553
0.0088681
0.0070129
0.0071749
-0.0012357
-0.010632
-0.015314
-0.0091395
-0.0016953
0.0029909
0.0010318
0.0016297
0.0041813
-0.026313
-0.006053
0.0062199
0.010684
0.011867
0.014026
0.012323
0.013161
0.0097545
0.00058532
-0.0073813
-0.010281
-0.007775
0.0024352
0.0014874
-0.0014274
-0.011555
-0.017066
0.0075332
0.011301
0.011156
0.012069
0.012008
0.012321
0.0123
0.013914
0.0077835
8.7305e-05
-0.0040756
-0.0034785
-0.0048968
-0.0019345
-0.0044146
-0.028593
-0.0025044
0.012209
0.0079051
0.010598
0.012405
0.012365
0.013906
0.011453
0.013819
0.010349
0.0024174
-0.0024816
-0.0043926
-0.010162
-0.0038789
-0.0072766
-0.033654
0.00048232
0.011517
0.009288
0.01271
0.012936
0.013561
0.015471
0.012958
0.014401
0.011876
0.0046923
-0.001202
-0.0066246
-0.012365
-0.0037996
-0.0098444
-0.037099
0.0082072
0.01374
0.006986
0.010955
0.012032
0.012905
0.012758
0.011602
0.013481
0.010576
0.002985
-0.0026738
-0.009147
-0.0097886
-0.0024119
-0.010576
-0.035567
0.011439
0.011407
0.0074127
0.011929
0.011966
0.012997
0.012943
0.013229
0.013384
0.0090477
0.0018709
-0.0048373
-0.012964
-0.0034505
-0.00058797
-0.011023
-0.033165
0.016596
0.012782
0.0042318
0.0089204
0.010573
0.011139
0.011494
0.011067
0.0097485
0.0045684
-0.0033939
-0.011254
-0.0080959
8.8777e-05
0.00032384
-0.01505
-0.023536
0.01939
0.0105
0.0049504
0.0069795
0.0083777
0.0096524
0.0094655
0.0087586
0.0061088
8.3555e-06
-0.0063552
-0.0052936
-0.0022594
0.00044771
0.00016823
-0.024546
-0.0046668
0.0241
0.010369
0.001642
0.0030845
0.0011523
0.0018836
0.00046542
0.00040432
-0.0023966
-0.0046298
-0.0056708
-0.016308
-0.0019409
0.00095155
0.0013254
-0.023951
0.011725
0.021454
0.019244
0.022919
0.02061
0.020935
0.017114
0.015648
0.011385
0.0090002
0.0053758
0.0013626
0.00435
-0.011028
-0.0065885
0.0042228
-0.0087607
0.014416
0.017422
0.022591
0.027204
0.032154
0.035479
0.039465
0.042712
0.046465
0.049023
0.049763
0.046557
0.036588
0.024508
0.0091441
-0.0042101
0
-0.0087607
-0.028458
-0.046255
-0.060308
-0.071324
-0.079804
-0.084574
-0.085474
-0.081418
-0.072848
-0.06051
-0.046566
-0.032139
-0.016535
-0.0042101
0
