0
-1.3489e-06
4.7732e-05
0.00028094
0.00056753
-0.00042015
-0.0020415
-0.0027043
-0.002085
-0.00096348
-0.00021292
7.5113e-05
0.00012104
7.1093e-05
1.3597e-05
-2.9966e-07
0
-1.3489e-06
2.0797e-05
0.0001957
0.00084565
0.0013544
-0.0015983
-0.0064047
-0.0090128
-0.0077477
-0.0042037
-0.0013139
1.9408e-06
0.00031065
0.00020239
4.885e-05
5.436e-06
-2.9966e-07
5.212e-05
0.00018936
0.00026087
0.0001047
-0.0017442
-0.0035193
-0.0054568
-0.0084659
-0.01115
-0.0098076
-0.0050696
-0.0016288
-0.00030516
-1.1566e-05
5.3915e-05
4.9422e-05
1.3325e-05
0.00029123
0.00083394
9.8797e-05
-0.0026524
-0.008392
-0.0061634
-0.0034018
-0.0028033
-0.0042624
-0.0085396
-0.0098021
-0.0060045
-0.0025105
-0.00088211
-2.9788e-05
0.00020653
7.2901e-05
0.00050934
0.0014768
-5.118e-05
-0.0084368
-0.011285
-0.004633
0.00028585
0.0024564
0.0026498
-0.00056913
-0.0065636
-0.008909
-0.0062153
-0.0027375
-0.00053245
0.00028514
0.0001265
0.00046312
0.0011154
-0.0022523
-0.017347
-0.0076705
0.0027913
0.0084105
0.01123
0.010922
0.0088612
0.0020571
-0.0048346
-0.0075683
-0.0060284
-0.0023784
-0.00050934
-7.3611e-05
0.00047386
-0.00032181
-0.01493
-0.015311
0.0031411
0.012692
0.016116
0.017604
0.017055
0.016308
0.010866
0.0026006
-0.002987
-0.0043575
-0.0042822
-0.0039791
-0.001231
-0.00056589
-0.0050735
-0.028471
-0.0037767
0.013393
0.015895
0.015658
0.016079
0.01613
0.017332
0.014558
0.0066655
-0.00031537
-0.0035276
-0.0067516
-0.0074652
-0.0023102
-0.0036467
-0.015814
-0.025898
0.0073573
0.01548
0.013277
0.014726
0.016109
0.016109
0.017338
0.015958
0.008922
0.0016561
-0.0033656
-0.0093241
-0.0087537
-0.0025554
-0.0067336
-0.026412
-0.016242
0.014667
0.015664
0.013092
0.015552
0.016454
0.016127
0.016598
0.014801
0.0078447
0.00067619
-0.0052371
-0.010654
-0.007107
-0.0018949
-0.0088846
-0.032792
-0.0058408
0.019069
0.013442
0.01035
0.01392
0.015794
0.015933
0.015787
0.013036
0.0062335
-0.00067922
-0.0070499
-0.0093106
-0.0043786
-0.0010489
-0.010112
-0.035062
0.0045976
0.021202
0.012036
0.0094303
0.01136
0.012933
0.013059
0.011954
0.0082439
0.0016948
-0.0045613
-0.0091118
-0.0061568
-0.0020494
-0.00040667
-0.010777
-0.032301
0.013248
0.021521
0.010383
0.0077571
0.0078052
0.008126
0.0079914
0.0068101
0.0038508
-0.00062191
-0.0040545
-0.0043545
-0.0035094
-0.0013199
-0.00029839
-0.012373
-0.022001
0.019079
0.021259
0.015162
0.013282
0.011017
0.0086443
0.0062406
0.0033207
0.00026045
-0.0033611
-0.0060393
-0.011791
-0.0059954
-0.00057376
0.00011061
-0.01465
-0.0025389
0.022236
0.020615
0.024183
0.025092
0.027406
0.027442
0.027758
0.026577
0.025133
0.022418
0.018705
0.012671
-0.00055758
-0.0049447
-0.00074519
-0.0083985
0.014904
0.018622
0.016943
0.018795
0.021066
0.023113
0.026063
0.029543
0.034309
0.039004
0.042209
0.041725
0.03692
0.02689
0.0087983
-0.0047696
0
-0.0083985
-0.029297
-0.046696
-0.062919
-0.074842
-0.083756
-0.088861
-0.090126
-0.086971
-0.079686
-0.068894
-0.055723
-0.040251
-0.022271
-0.0047696
0
