0
-2.7621e-06
0.00010769
0.00063853
0.0012776
-0.0012642
-0.0036388
-0.0041826
-0.0029548
-0.00084016
0.00012668
0.00024892
0.00018281
0.00012693
2.0646e-05
-7.9024e-07
0
-2.7621e-06
5.2764e-05
0.00050292
0.0019308
0.0024794
-0.0034828
-0.0097539
-0.013206
-0.011229
-0.0045943
-0.00053759
0.00058856
0.00056531
0.00037893
8.4185e-05
8.7861e-06
-7.9024e-07
0.00015591
0.00042996
0.00041367
-0.00075663
-0.0059741
-0.0036238
-0.0045821
-0.006973
-0.011279
-0.0149
-0.0075047
-0.0011388
0.00022581
0.00015507
0.00016393
8.8591e-05
1.8113e-05
0.00070637
0.0017806
-0.0010746
-0.006549
-0.011354
-0.0047198
-0.0013398
-0.00067618
-0.00099734
-0.0062316
-0.013228
-0.0096042
-0.0018
-0.00089184
0.00024256
0.0004561
0.00013122
0.00057718
0.0019292
0.0016948
-0.017289
-0.0084621
0.00039124
0.0037003
0.0065112
0.0055075
0.0043176
-0.0039698
-0.011112
-0.011388
-0.0044472
-0.00046523
0.0012562
0.00043934
0.0014019
0.002719
-0.012357
-0.014489
5.721e-05
0.0082399
0.011477
0.013972
0.012742
0.012493
0.0073886
-0.0021107
-0.0083121
-0.010727
-0.0049525
0.0013509
0.00072181
0.0008519
0.00039702
-0.029981
-0.0035759
0.010049
0.013645
0.014505
0.014858
0.014662
0.014934
0.01394
0.0064566
-0.00086382
-0.0046071
-0.0041053
-0.0044971
-0.0015654
-0.0031292
-0.016626
-0.018605
0.010111
0.013051
0.011629
0.012482
0.013269
0.01384
0.013615
0.014685
0.008861
0.0014106
-0.0030468
-0.0056697
-0.0092479
-0.0031788
-0.0064736
-0.029993
-0.0062099
0.013374
0.0098695
0.012057
0.01482
0.015636
0.015665
0.014706
0.016239
0.011481
0.0036467
-0.0019931
-0.0080759
-0.01105
-0.00334
-0.0089276
-0.035097
-0.00014967
0.015533
0.010664
0.011987
0.013257
0.01354
0.013899
0.013364
0.014273
0.0093904
0.0022017
-0.0036614
-0.010815
-0.0084161
-0.0021759
-0.010395
-0.036913
0.0080355
0.015816
0.0072801
0.011086
0.013991
0.014392
0.014765
0.014625
0.014312
0.0086652
0.0010161
-0.0060101
-0.011747
-0.0037911
-0.00074394
-0.010627
-0.035107
0.013103
0.015938
0.0075342
0.0087116
0.010484
0.012215
0.011765
0.011563
0.0093227
0.002686
-0.0042994
-0.01063
-0.0070371
-0.00080339
2.461e-05
-0.0119
-0.029582
0.018275
0.015129
0.0050465
0.0082375
0.0078765
0.0099386
0.0091574
0.0090914
0.0053744
0.00029635
-0.0046551
-0.004914
-0.0030482
-3.5612e-05
6.3679e-05
-0.018041
-0.014105
0.02204
0.015557
0.0065177
0.0055913
0.0039022
0.0025838
0.001457
-0.0001873
-0.0027315
-0.0052652
-0.0070591
-0.015502
-0.0036867
0.00092734
0.00071961
-0.020887
0.0065351
0.023535
0.019873
0.024882
0.023135
0.025071
0.021992
0.021452
0.017544
0.015671
0.011704
0.008691
0.0067404
-0.0075315
-0.0048752
0.0018121
-0.0087067
0.014822
0.016466
0.020146
0.023387
0.027679
0.03026
0.034279
0.037663
0.042476
0.046155
0.048253
0.04571
0.037688
0.025683
0.0086452
-0.0043205
0
-0.0087067
-0.028322
-0.046559
-0.061502
-0.072779
-0.081574
-0.086449
-0.087718
-0.0841
-0.076257
-0.064543
-0.050826
-0.035518
-0.018737
-0.0043205
0
