0
-1.0783e-05
0.00024015
0.0016873
-0.0014371
-0.0048991
-0.0071402
-0.0058022
-0.0036922
-0.00085535
0.00080973
-0.00026385
0.0004919
0.00072638
0.00034817
-1.0653e-05
0
-1.0783e-05
0.00018891
0.0015112
0.0020118
-0.0024106
-0.0075806
-0.014848
-0.017916
-0.018843
-0.0073745
0.00078313
-4.1419e-05
0.0017989
0.0019025
0.00055079
9.5332e-05
-1.0653e-05
0.00068972
0.00076961
-0.0018991
-0.0087506
-0.001561
-0.0037035
-0.00082778
-0.005587
-0.0049227
-0.017431
-0.014135
0.005469
-0.00021047
-0.00046845
-0.00036097
0.0010302
4.0079e-05
0.0014793
0.0017867
-0.0042244
-0.0083133
-0.0048427
0.00055149
0.0028869
0.0027323
0.0029487
-0.00026273
-0.012826
-0.019745
-0.0013662
-0.0046814
-0.0016217
0.0034508
0.00047422
0.0013773
0.0056622
-0.021303
-0.0065188
0.0025178
0.0080518
0.0075206
0.010853
0.0080679
0.0097153
0.0027512
-0.0091895
-0.013015
-0.015894
-0.0057409
0.0054891
0.0024504
-0.00022897
-0.0073525
-0.013917
0.004865
0.010044
0.0088794
0.011092
0.011552
0.011295
0.011056
0.011769
0.0018568
-0.0059759
-0.0087432
-0.0060749
0.0012818
0.0017561
-0.0014375
-0.02622
-1.3875e-05
0.011232
0.0057737
0.0088741
0.012365
0.0096687
0.012672
0.0095004
0.014177
0.0091628
0.0010583
-0.0035068
-0.0039043
-0.0050509
-0.0025135
-0.0045036
-0.031434
0.0013932
0.0075939
0.0079524
0.013055
0.011901
0.010419
0.014147
0.0093964
0.012405
0.010868
0.003939
-0.0011677
-0.0030552
-0.011067
-0.004963
-0.0080627
-0.036169
0.0078349
0.012107
0.0071173
0.010497
0.010157
0.012745
0.016183
0.011569
0.013424
0.012131
0.0051051
-0.0005407
-0.0053652
-0.013696
-0.0043173
-0.0099023
-0.035061
0.010154
0.0074399
0.0070051
0.013127
0.011683
0.012295
0.013075
0.0097507
0.012
0.010983
0.0043815
-0.0012271
-0.0068336
-0.012118
-0.002585
-0.011353
-0.03381
0.014609
0.011105
0.0057236
0.0098309
0.0098391
0.011101
0.010339
0.01091
0.013354
0.0098518
0.0023591
-0.0037715
-0.012987
-0.0039626
-0.00062891
-0.014313
-0.026168
0.016868
0.0061468
0.0054042
0.0117
0.010303
0.012422
0.01132
0.012676
0.010354
0.0049693
-0.0020495
-0.010048
-0.010538
0.00095222
0.00062659
-0.023972
-0.011315
0.021976
0.0090102
-0.00092015
0.0057301
0.0077933
0.0080224
0.0088983
0.0074587
0.0042807
0.00070044
-0.0064417
-0.0082163
-0.0006282
0.00044957
0.0002786
-0.031479
0.0071327
0.021728
0.0043481
0.0046432
-0.00085441
0.0035697
0.00018556
0.0033764
-0.00033461
0.001338
-0.0025778
-0.0063512
-0.013106
-0.00080685
-0.00091204
0.0028245
-0.025546
0.01489
0.019727
0.015591
0.019098
0.01559
0.015231
0.010811
0.0097064
0.0048609
0.0048679
-0.0024764
-0.0040731
3.4106e-05
-0.010423
-0.010184
0.0069372
-0.0091144
0.015054
0.018893
0.025868
0.030694
0.037153
0.039753
0.044193
0.045568
0.048671
0.048106
0.049143
0.045899
0.034867
0.022909
0.0099611
-0.0042395
0
-0.0091144
-0.028655
-0.045453
-0.05885
-0.069317
-0.07757
-0.081767
-0.082308
-0.077251
-0.068366
-0.054817
-0.041931
-0.028507
-0.01496
-0.0042395
0
