0
-5.0293e-07
1.8014e-05
0.00010445
0.00017747
-0.0001707
-0.00094983
-0.0014406
-0.0012803
-0.00076036
-0.00030941
-6.8453e-05
1.7487e-05
2.4027e-05
7.0692e-06
2.3056e-08
0
-5.0293e-07
7.5796e-06
7.0587e-05
0.00030505
0.00042747
-0.00077529
-0.0033286
-0.0050896
-0.0047531
-0.0030339
-0.0013746
-0.00040639
-2.0541e-05
4.9014e-05
1.8074e-05
2.3831e-06
2.3056e-08
1.8202e-05
7.0362e-05
9.868e-05
3.4709e-05
-0.00052798
-0.0020988
-0.0044231
-0.0067173
-0.0074596
-0.0059294
-0.0034433
-0.0015149
-0.00051781
-0.00014205
-1.8211e-05
1.7903e-05
7.1334e-06
0.00010554
0.0003145
6.8831e-05
-0.0010618
-0.0033893
-0.0045385
-0.0041099
-0.0044249
-0.0060092
-0.0070477
-0.0058282
-0.0035155
-0.0017092
-0.00069331
-0.00016301
4.0524e-05
2.3118e-05
0.00021658
0.00060999
-0.00015571
-0.0032173
-0.0076491
-0.0064521
-0.0031389
-0.0011961
-0.0014983
-0.0040906
-0.0058857
-0.0052198
-0.0033246
-0.0016567
-0.00063535
-0.00014153
-1.6496e-05
0.00024693
0.00053051
-0.0014655
-0.0082549
-0.010652
-0.0041597
0.0018925
0.0048561
0.0050448
0.0018903
-0.0025176
-0.004724
-0.0042463
-0.0028094
-0.0018222
-0.0010249
-0.00026811
1.4737e-05
-0.00068192
-0.0055012
-0.015653
-0.0076529
0.0041813
0.011354
0.014258
0.01414
0.010439
0.0039232
-0.0014497
-0.0035382
-0.0036495
-0.0038703
-0.0029516
-0.00084341
-0.00071899
-0.0039918
-0.014269
-0.0164
0.0029839
0.015142
0.019437
0.020536
0.020394
0.017334
0.010305
0.0030505
-0.0013289
-0.0038682
-0.0063597
-0.00532
-0.0015428
-0.0020583
-0.0093753
-0.024286
-0.0072363
0.014302
0.019487
0.018604
0.018871
0.020081
0.018893
0.012772
0.0052145
-0.00019473
-0.004669
-0.0084045
-0.0065357
-0.0018528
-0.0040375
-0.016176
-0.027167
0.0037225
0.018746
0.01718
0.015878
0.017727
0.019292
0.018384
0.01283
0.0055476
-0.00048419
-0.0060981
-0.0089653
-0.0060076
-0.0016351
-0.0063092
-0.02336
-0.021583
0.013077
0.020607
0.015432
0.014438
0.016401
0.017123
0.01541
0.010085
0.0035255
-0.0021968
-0.0071004
-0.0077869
-0.0044665
-0.0011603
-0.0083338
-0.029058
-0.0098339
0.020505
0.019714
0.012238
0.011758
0.013052
0.013205
0.011379
0.0069007
0.0015272
-0.0034735
-0.0069923
-0.0059442
-0.0030454
-0.00075974
-0.0095267
-0.030129
0.0038674
0.023999
0.018836
0.012776
0.010533
0.0091754
0.0076166
0.0053542
0.0018626
-0.0017982
-0.0047095
-0.0051666
-0.0043789
-0.0025206
-0.00065396
-0.0097231
-0.02362
0.014564
0.023819
0.020145
0.019638
0.01829
0.016878
0.014315
0.01137
0.0076711
0.0039653
-0.00031818
-0.0062168
-0.0063574
-0.0028173
-0.00070478
-0.010279
-0.008258
0.020665
0.021086
0.021705
0.024073
0.026118
0.028296
0.030078
0.031413
0.031615
0.030094
0.02596
0.01858
0.0044193
-0.0060411
-0.0022843
-0.0075791
0.013329
0.020976
0.016423
0.01606
0.01622
0.017475
0.019321
0.022375
0.026507
0.031089
0.034551
0.035796
0.034008
0.027524
0.0094406
-0.0052836
0
-0.0075791
-0.030081
-0.047548
-0.063656
-0.07633
-0.085384
-0.090728
-0.091999
-0.089073
-0.082103
-0.071789
-0.05881
-0.043426
-0.024988
-0.0052836
0
