0
-2.7542e-06
0.00041797
0.00090658
-0.0037708
-0.0078735
-0.0089562
-0.0068528
-0.0031234
-0.00084942
0.00156
-0.00044146
0.00049588
0.0011463
0.00081121
-4.7867e-05
0
-2.7542e-06
0.00026746
0.0010496
-0.0002453
-0.0035705
-0.0089012
-0.015395
-0.01984
-0.022026
-0.014075
0.0020669
-0.00050647
0.0024022
0.0025259
0.00046116
0.00023596
-4.7867e-05
0.001093
-3.2259e-05
-0.0021336
-0.0065917
-0.0018248
-0.0013469
0.00064813
-0.003242
-0.0029823
-0.010598
-0.023951
0.0050206
0.0010314
-0.0029713
-0.0014106
0.002032
-0.00018441
0.0010272
0.0038452
-0.014794
-0.0037041
-0.00037518
0.0055287
0.0030112
0.0069261
0.0028538
0.005452
-0.0069155
-0.018828
-0.010587
-0.0019788
-0.0041564
0.0042477
0.00062722
0.00049768
-0.0044285
-0.0085214
0.00042232
0.0084648
0.006885
0.0078881
0.009939
0.008172
0.0087379
0.0079257
-0.0061573
-0.0099175
-0.013641
-0.006433
0.0041149
0.0028979
0.0018683
-0.021118
-0.0010716
0.0092913
0.0069629
0.0050111
0.011998
0.0074741
0.012138
0.0070602
0.012769
0.0049767
-0.0045605
-0.0085751
-0.0040688
-0.00033672
0.001041
-0.00045217
-0.028407
0.0023545
0.0049178
0.005335
0.011648
0.012405
0.0078357
0.012929
0.008331
0.011701
0.010759
0.0048518
-0.0041899
-0.0056517
-0.00478
-0.0030942
-0.0041298
-0.033231
0.0051211
0.0094915
0.009705
0.0099259
0.0071891
0.0094672
0.012165
0.0091144
0.010881
0.0092298
0.0054427
0.0015672
-0.0030371
-0.011189
-0.0061334
-0.0074929
-0.034035
0.009109
0.0057989
0.0055184
0.010622
0.011051
0.014636
0.014288
0.0096589
0.011635
0.012685
0.0068755
-0.0012795
-0.0044026
-0.014335
-0.0046273
-0.010962
-0.032348
0.01102
0.0086219
0.0096114
0.010344
0.0075571
0.010797
0.013963
0.0096787
0.010517
0.0091025
0.0054907
0.001483
-0.0061091
-0.013878
-0.0020974
-0.016907
-0.024391
0.015202
0.004363
0.004726
0.010937
0.010397
0.0071378
0.010451
0.0071317
0.011144
0.011027
0.0050855
-0.0049441
-0.012636
-0.0039911
-0.00046809
-0.026745
-0.010064
0.017802
0.0067885
0.0073985
0.0077831
0.0116
0.010313
0.01146
0.010275
0.012613
0.0056057
-0.0026541
-0.0083954
-0.011623
0.0025162
0.00047556
-0.034419
0.0057639
0.01992
-0.0011893
0.002697
0.0064351
0.006207
0.0091019
0.00717
0.0083674
0.0049276
-0.00089474
-0.0034143
-0.013695
-0.00081414
0.0015658
0.0017208
-0.035096
0.015263
0.018003
0.0058243
0.00084139
0.0025825
0.0027316
0.0031412
0.0031701
0.0028393
0.00012562
-0.00066941
-0.0089133
-0.0085268
-0.0094228
-0.0026408
0.0077554
-0.026258
0.018292
0.014426
0.010533
0.013521
0.0080647
0.0090977
0.0036498
0.0043806
-0.00076242
0.00050479
-0.0050005
-0.0016224
-0.0080878
-0.0045059
-0.013785
0.0092392
-0.0096248
0.016316
0.021349
0.028641
0.034738
0.040776
0.043378
0.046585
0.046823
0.047918
0.046398
0.045733
0.041355
0.034716
0.022542
0.01013
-0.0041395
0
-0.0096248
-0.028542
-0.043783
-0.056626
-0.066288
-0.07414
-0.07741
-0.077311
-0.071532
-0.06231
-0.049281
-0.03723
-0.025081
-0.014727
-0.0041395
0
